# time correlation overlap_with_initial
0.000000000000000000e+00 -1.000000000000000000e+00 1.000000000000000000e+00
4.008016032064128098e-02 -9.967958924907056595e-01 9.857189749167996062e-01
8.016032064128256196e-02 -9.872041591478096789e-01 9.440441217291057896e-01
1.202404809619238429e-01 -9.712869255621789932e-01 8.783281402841964791e-01
1.603206412825651239e-01 -9.491491834580950693e-01 7.936793482741144601e-01
2.004008016032063910e-01 -9.209398777560704463e-01 6.963253658655250700e-01
2.404809619238476859e-01 -8.868543157246276953e-01 5.928820579408735636e-01
2.805611222444889807e-01 -8.471359433537597461e-01 4.896369181063979226e-01
3.206412825651302478e-01 -8.020793258881849797e-01 3.919566882247629280e-01
3.607214428857715149e-01 -7.520319137350306438e-01 3.038850615210808570e-01
4.008016032064127820e-01 -6.973965613997777924e-01 2.279671626506532822e-01
4.408817635270541047e-01 -6.386325222687526670e-01 1.652862584491113507e-01
4.809619238476953718e-01 -5.762563953589125987e-01 1.156719026072866585e-01
5.210420841683366389e-01 -5.108414989324147060e-01 7.801388394163794038e-02
5.611222444889779615e-01 -4.430162099277752952e-01 5.061498514457649089e-02
6.012024048096191731e-01 -3.734609432140883478e-01 3.152253986361149701e-02
6.412825651302604957e-01 -3.029031027855449421e-01 1.879762705077034357e-02
6.813627254509018183e-01 -2.321111541203408346e-01 1.070099058721920432e-02
7.214428857715430299e-01 -1.618858397193730925e-01 5.794678867130545474e-03
7.615230460921843525e-01 -9.305124810883064201e-02 2.971939603327281194e-03
8.016032064128255641e-01 -2.644251902699152473e-02 1.436024475000297930e-03
8.416833667334668867e-01 3.710566989159835155e-02 6.494525344263696017e-04
8.817635270541082093e-01 9.677405189732028734e-02 2.726517464939441355e-04
9.218436873747494209e-01 1.517719129141851531e-01 1.051261344432455542e-04
9.619238476953907435e-01 2.013532591948808403e-01 3.670463559466186922e-05
1.002004008016031955e+00 2.448301914875725682e-01 1.138194391343948281e-05
1.042084168336673278e+00 2.815884510177830147e-01 3.048613024593040527e-06
1.082164328657314600e+00 3.110993818085270313e-01 6.759071339609465948e-07
1.122244488977955923e+00 3.329328856227629085e-01 1.154787104471751145e-07
1.162324649298597246e+00 3.467663489641526486e-01 1.322990487072779317e-08
1.202404809619238346e+00 3.523932425843953609e-01 7.065193850924302026e-10
1.242484969939879669e+00 3.497277020020445049e-01 2.734504334861302116e-12
1.282565130260520991e+00 3.388075360815607784e-01 4.299430096584943285e-12
1.322645290581162314e+00 3.197937123571922280e-01 6.969834473189807073e-14
1.362725450901803637e+00 2.929673101115117806e-01 4.271111254484778404e-14
1.402805611222444737e+00 2.587238735758005115e-01 1.517774403466339151e-12
1.442885771543086060e+00 2.175647181846593892e-01 5.328435699296164824e-12
1.482965931863727382e+00 1.700868374075543143e-01 3.946993153289097235e-12
1.523046092184368705e+00 1.169697799747712874e-01 8.542202402184831450e-13
1.563126252505010028e+00 5.896238693618827131e-02 1.114781661272444313e-11
1.603206412825651128e+00 -3.132951208909678757e-03 3.491796724495063279e-11
1.643286573146292451e+00 -6.847510346055510344e-02 4.998746265267874106e-11
1.683366733466933773e+00 -1.362004869942082530e-01 3.875739351070694336e-11
1.723446893787575096e+00 -2.054377349883701187e-01 1.410518118393102197e-11
1.763527054108216419e+00 -2.753225775435171885e-01 1.151253930707953325e-11
1.803607214428857741e+00 -3.450108673647721003e-01 5.511729967429022616e-11
1.843687374749498842e+00 -4.136905584770352862e-01 1.326872133046802912e-10
1.883767535070140164e+00 -4.805919907571887806e-01 2.029430029496530389e-10
1.923847695390781487e+00 -5.449961091841314387e-01 2.268012287963645087e-10
1.963927855711422810e+00 -6.062414605931362166e-01 1.946636792429023759e-10
2.004008016032063910e+00 -6.637284766327067320e-01 1.292753095378012898e-10
2.044088176352705233e+00 -7.169232015047301010e-01 6.605844095683728989e-11
2.084168336673346555e+00 -7.653580710370427864e-01 2.926845109932655905e-11
2.124248496993987878e+00 -8.086328614624530564e-01 2.113474947866825348e-11
2.164328657314629201e+00 -8.464128402173759502e-01 2.787449554089452050e-11
2.204408817635270523e+00 -8.784277322757211293e-01 3.368726170155101025e-11
2.244488977955911846e+00 -9.044683450639756650e-01 3.104141230104624253e-11
2.284569138276553169e+00 -9.243844616417762339e-01 2.175841631759987785e-11
2.324649298597194491e+00 -9.380810474169493096e-01 1.161309879524636223e-11
2.364729458917835370e+00 -9.455159086208929642e-01 4.662933124061214619e-12
2.404809619238476692e+00 -9.466964038825294026e-01 1.398704499742891889e-12
2.444889779559118015e+00 -9.416774909654607173e-01 3.119641067364554197e-13
2.484969939879759337e+00 -9.305595465515367204e-01 3.874902402176805299e-14
2.525050100200400660e+00 -9.134871194567567576e-01 2.634495237051654083e-14
2.565130260521041983e+00 -8.906480719234760590e-01 8.799201025810343967e-14
2.605210420841683305e+00 -8.622730239405586028e-01 5.279176028368635344e-13
2.645290581162324628e+00 -8.286356333124954565e-01 3.654553576947437674e-12
2.685370741482965951e+00 -7.900524105261181873e-01 1.551903377758280736e-11
2.725450901803607273e+00 -7.468836105164022854e-01 4.564291977767759639e-11
2.765531062124248596e+00 -6.995328696746249131e-01 1.034637350746908695e-10
2.805611222444889474e+00 -6.484479372412844667e-01 1.925460378118227670e-10
2.845691382765530797e+00 -5.941194728546735915e-01 3.055142539249242089e-10
2.885771543086172120e+00 -5.370807355340248002e-01 4.225892685708247800e-10
2.925851703406813442e+00 -4.779049044033149007e-01 5.147197153425010903e-10
2.965931863727454765e+00 -4.172028896629090822e-01 5.498690312820022592e-10
3.006012024048096087e+00 -3.556189916267288864e-01 5.006029333301463572e-10
3.046092184368737410e+00 -2.938256622855309752e-01 3.544116222844169933e-10
3.086172344689378733e+00 -2.325170235068750035e-01 1.395916380281248468e-10
3.126252505010020055e+00 -1.724004420722163311e-01 5.913182671746894119e-12
3.166332665330661378e+00 -1.141899473168693779e-01 4.643167587469758959e-10
3.206412825651302256e+00 -5.859509086857177251e-02 3.046299332411806613e-09
3.246492985971943579e+00 -6.310308086758415272e-03 1.200495248507516900e-08
3.286573146292584902e+00 4.199692702292136259e-02 3.846991728291036399e-08
3.326653306613226224e+00 8.569604935802310752e-02 1.100789675999063355e-07
3.366733466933867547e+00 1.242056361972301431e-01 2.922447494038691706e-07
3.406813627254508869e+00 1.570046497923442697e-01 7.329518829250959865e-07
3.446893787575150192e+00 1.836440860783430662e-01 1.753092397758015763e-06
3.486973947895791515e+00 2.037536049636741731e-01 4.020603663017510226e-06
3.527054108216432837e+00 2.170525805900597183e-01 8.873417746226353706e-06
3.567134268537074160e+00 2.233551664127099434e-01 1.889406606647269564e-05
3.607214428857715482e+00 2.225756213516701665e-01 3.889411546513027928e-05
3.647294589178356361e+00 2.147304275110424598e-01 7.753608271196139596e-05
3.687374749498997684e+00 1.999391381225630593e-01 1.499066769826759972e-04
3.727454909819639006e+00 1.784223126049318819e-01 2.814418425852258251e-04
3.767535070140280329e+00 1.504976737732840186e-01 5.136806290658294579e-04
3.807615230460921651e+00 1.165740517677716220e-01 9.123518079269543352e-04
3.847695390781562974e+00 7.714323534300873697e-02 1.578233784924893812e-03
3.887775551102204297e+00 3.277063631815443911e-02 2.661030313262928611e-03
3.927855711422845619e+00 -1.591618895801695868e-02 4.376071849845214641e-03
3.967935871743486942e+00 -6.823902046944461952e-02 7.023039862364945096e-03
4.008016032064127820e+00 -1.234823831027855867e-01 1.100490170634204137e-02
4.048096192384769587e+00 -1.809058120129201641e-01 1.684424121562434762e-02
4.088176352705410466e+00 -2.397576053727882295e-01 2.519270850943804499e-02
4.128256513026052232e+00 -2.992865185519298366e-01 3.682852298566528793e-02
4.168336673346693111e+00 -3.587543508759031829e-01 5.263586736300246427e-02
4.208416833667334878e+00 -4.174459369299889921e-01 7.356076233140175502e-02
4.248496993987975756e+00 -4.746793657021800561e-01 1.005387404798989970e-01
4.288577154308616635e+00 -5.298135228739192515e-01 1.343933620805816964e-01
4.328657314629258401e+00 -5.822552134277988456e-01 1.757082772733027931e-01
4.368737474949899280e+00 -6.314639564785036185e-01 2.246822046891147617e-01
4.408817635270541047e+00 -6.769558437781237892e-01 2.809817210696081702e-01
4.448897795591181925e+00 -7.183057041356484262e-01 3.436133726913815911e-01
4.488977955911823692e+00 -7.551480450638642372e-01 4.108395855450583389e-01
4.529058116232464570e+00 -7.871770529934061233e-01 4.801640572918403072e-01
4.569138276553106337e+00 -8.141453306756999408e-01 5.484067422487223231e-01
4.609218436873747216e+00 -8.358624255682998161e-01 6.118805606127736274e-01
4.649298597194388982e+00 -8.521922587155135176e-01 6.666655612467976555e-01
4.689378757515029861e+00 -8.630509403023903792e-01 7.089622315108503603e-01
4.729458917835670739e+00 -8.684037852444214112e-01 7.354848578708116369e-01
4.769539078156312506e+00 -8.682630882109918513e-01 7.438469275844789008e-01
4.809619238476953385e+00 -8.626854616481594018e-01 7.328792466032909569e-01
4.849699398797595151e+00 -8.517700356883481927e-01 7.028295485476284687e-01
4.889779559118236030e+00 -8.356565826076612913e-01 6.554018250366516751e-01
4.929859719438877796e+00 -8.145243291997158464e-01 5.936191460859207014e-01
4.969939879759518675e+00 -7.885910055685575459e-01 5.215210054484095137e-01
5.010020040080160442e+00 -7.581121641547658996e-01 4.437328121657715951e-01
5.050100200400801320e+00 -7.233809691455260760e-01 3.649719627791350729e-01
5.090180360721443087e+00 -6.847276605293322049e-01 2.895598223382819247e-01
5.130260521042083965e+00 -6.425196356116474883e-01 2.210160103061746539e-01
5.170340681362724844e+00 -5.971605227432024154e-01 1.617856455720342312e-01
5.210420841683366611e+00 -5.490899392750959729e-01 1.131351939478171670e-01
5.250501002004007489e+00 -4.987815792779702884e-01 7.521162192234813471e-02
5.290581162324649256e+00 -4.467419888144753548e-01 4.724010830140103201e-02
5.330661322645290134e+00 -3.935071398461119641e-01 2.780726928212274782e-02
5.370741482965931901e+00 -3.396396530592086238e-01 1.517361272342211166e-02
5.410821643286572780e+00 -2.857235221170489337e-01 7.558935330265237167e-03
5.450901803607214546e+00 -2.323594271659149835e-01 3.360984440109318801e-03
5.490981963927855425e+00 -1.801575654242571767e-01 1.286936325268763989e-03
5.531062124248497192e+00 -1.297310069267853527e-01 3.984291587571218724e-04
5.571142284569138070e+00 -8.168693561432763262e-02 8.746207736600460460e-05
5.611222444889778949e+00 -3.661835912692511241e-02 9.360721632861321252e-06
5.651302605210420715e+00 4.905593754712741714e-03 2.727766889470037341e-07
5.691382765531061594e+00 4.234892943491166961e-02 1.036069080004743580e-06
5.731462925851703361e+00 7.521853741815170968e-02 3.216301528897077618e-07
5.771543086172344239e+00 1.030734221482015878e-01 5.894869567306895199e-07
5.811623246492986006e+00 1.255334569422983382e-01 3.349738114004338362e-06
5.851703406813626884e+00 1.422874465106291619e-01 6.687190302777814134e-06
5.891783567134268651e+00 1.530998455805894221e-01 7.876703838840561677e-06
5.931863727454909530e+00 1.578165399726577933e-01 6.048836335540630417e-06
5.971943887775551296e+00 1.563686537869211080e-01 2.754080293434761689e-06
6.012024048096192175e+00 1.487751563723825055e-01 6.238208115770165923e-07
6.052104208416833053e+00 1.351432024929646591e-01 1.484501600812954289e-06
6.092184368737474820e+00 1.156670509577614470e-01 5.230342926058639027e-06
6.132264529058115698e+00 9.062481085903439926e-02 1.000203318611923599e-05
6.172344689378757465e+00 6.037363562016579560e-02 1.336024285901243713e-05
6.212424849699398344e+00 2.534321382045032905e-02 1.365528706701938703e-05
6.252505010020040110e+00 -1.397230142088572852e-02 1.083487968824573127e-05
6.292585170340680989e+00 -5.702329802061940900e-02 6.351014174563194547e-06
6.332665330661322756e+00 -1.032151531224984459e-01 2.336985791569371784e-06
6.372745490981963634e+00 -1.519186753210049201e-01 5.596702511707523052e-07
6.412825651302604513e+00 -2.024817598301918431e-01 1.672065918561523001e-06
6.452905811623246279e+00 -2.542400784607652398e-01 5.065401359676177278e-06
6.492985971943887158e+00 -3.065286777272460128e-01 9.288379836486074088e-06
6.533066132264528925e+00 -3.586917879682078869e-01 1.275129673401237728e-05
6.573146292585169803e+00 -4.100932058331569485e-01 1.436070721435101354e-05
6.613226452905811570e+00 -4.601243243653749260e-01 1.383105267790447680e-05
6.653306613226452448e+00 -5.082124164698480495e-01 1.161400658979988389e-05
6.693386773547094215e+00 -5.538263373882293950e-01 8.564250613684308385e-06
6.733466933867735094e+00 -5.964822112078951299e-01 5.540777749960376148e-06
6.773547094188376860e+00 -6.357466554922390767e-01 3.122275346708729284e-06
6.813627254509017739e+00 -6.712397931669901174e-01 1.514189925361420092e-06
6.853707414829658617e+00 -7.026362217023388590e-01 6.248890579330029265e-07
6.893787575150300384e+00 -7.296656527259821612e-01 2.213398239789087131e-07
6.933867735470941263e+00 -7.521121304219618997e-01 7.218422911827120042e-08
6.973947895791583029e+00 -7.698128831465981259e-01 2.380409185907619586e-08
7.014028056112223908e+00 -7.826564413350306504e-01 6.293751250835167962e-09
7.054108216432865675e+00 -7.905804362354827974e-01 2.381968634742320744e-10
7.094188376753506553e+00 -7.935692707055117534e-01 1.297871577931088519e-09
7.134268537074148320e+00 -7.916515888900305109e-01 3.825777304672744071e-09
7.174348697394789198e+00 -7.848980446463053040e-01 3.231617912735538449e-09
7.214428857715430965e+00 -7.734190133672165235e-01 3.780966730818425459e-09
7.254509018036071843e+00 -7.573628007120311034e-01 1.912497092803276369e-08
7.294589178356712722e+00 -7.369139245494128465e-01 6.262397071431029844e-08
7.334669338677354489e+00 -7.122918515977059162e-01 1.345003300009879574e-07
7.374749498997995367e+00 -6.837498970464803705e-01 2.159999167758193288e-07
7.414829659318637134e+00 -6.515743189842003735e-01 2.760180466302619812e-07
7.454909819639278012e+00 -6.160836194201037008e-01 2.870449374920152044e-07
7.494989979959919779e+00 -5.776276149262380422e-01 2.411963629730989263e-07
7.535070140280560658e+00 -5.365867231398200321e-01 1.568724223368785017e-07
7.575150300601202424e+00 -4.933705031852328449e-01 7.225849170926743759e-08
7.615230460921843303e+00 -4.484164115928533367e-01 2.933588331336688761e-08
7.655310621242485070e+00 -4.021872939317988060e-01 5.693877877539892743e-08
7.695390781563125948e+00 -3.551691120711651384e-01 1.612962437614943178e-07
7.735470941883766827e+00 -3.078669770136998607e-01 3.279364445930035064e-07
7.775551102204408593e+00 -2.608014850411193852e-01 5.329828648900683737e-07
7.815631262525049472e+00 -2.145030987186695715e-01 7.581652480568937599e-07
7.855711422845691239e+00 -1.695069626580047450e-01 1.003979957312440673e-06
7.895791583166332117e+00 -1.263457329434146126e-01 1.299442464510410499e-06
7.935871743486973884e+00 -8.554303647100203190e-02 1.712445796468608916e-06
7.975951903807614762e+00 -4.760517010574656649e-02 2.370003823025761836e-06
8.016032064128255641e+00 -1.301367059435594789e-02 3.501464592071378775e-06
8.056112224448897408e+00 1.778340458201065413e-02 5.520464318855036001e-06
8.096192384769539174e+00 4.437907225121591470e-02 9.165196311959843123e-06
8.136272545090179165e+00 6.641564699173116426e-02 1.572343199515401961e-05
8.176352705410820931e+00 8.359161581424699727e-02 2.738094957012068007e-05
8.216432865731462698e+00 9.566838585236442372e-02 4.775088255017683516e-05
8.256513026052104465e+00 1.024755242998051513e-01 8.266631684253331384e-05
8.296593186372744455e+00 1.039151489894412084e-01 1.413495842803543011e-04
8.336673346693386222e+00 9.996473294516920738e-02 2.381041204211580670e-04
8.376753507014027988e+00 9.067851559112594106e-02 3.947064602457160351e-04
8.416833667334669755e+00 7.618732651219191354e-02 6.436959263788920088e-04
8.456913827655309746e+00 5.669675849979168014e-02 1.032759685891966117e-03
8.496993987975951512e+00 3.248383841766797758e-02 1.630372817415663960e-03
8.537074148296593279e+00 3.892115537575379855e-03 2.532764718502401521e-03
8.577154308617233269e+00 -2.867457536081820246e-02 3.872116590272745712e-03
8.617234468937875036e+00 -6.475955801241183030e-02 5.825658689273625207e-03
8.657314629258516803e+00 -1.038618277308748367e-01 8.624976092370267161e-03
8.697394789579158569e+00 -1.454451585230509547e-01 1.256444989963712879e-02
8.737474949899798560e+00 -1.889479721680858149e-01 1.800721738666173286e-02
8.777555110220440326e+00 -2.337930584308772208e-01 2.538667053660786585e-02
8.817635270541082093e+00 -2.793977377079924773e-01 3.520096208386813696e-02
8.857715430861723860e+00 -3.251831278984823603e-01 4.799805226078884129e-02
8.897795591182363850e+00 -3.705835622028050835e-01 6.434866194460343858e-02
8.937875751503005617e+00 -4.150544808479573189e-01 8.480558631021135885e-02
8.977955911823647384e+00 -4.580802446689958285e-01 1.098485111110090867e-01
9.018036072144287374e+00 -4.991800029316693643e-01 1.398159992764024251e-01
9.058116232464929141e+00 -5.379133383212030273e-01 1.748280159930731825e-01
9.098196392785570907e+00 -5.738838093691916997e-01 2.147058910273653143e-01
9.138276553106212674e+00 -6.067422158753833505e-01 2.588986570628976080e-01
9.178356713426852664e+00 -6.361878720983552560e-01 3.064274442515673713e-01
9.218436873747494431e+00 -6.619696296751683695e-01 3.558603622025967028e-01
9.258517034068136198e+00 -6.838852450336527777e-01 4.053295039618645124e-01
9.298597194388777964e+00 -7.017805818677571583e-01 4.525994068988573593e-01
9.338677354709417955e+00 -7.155476462385654823e-01 4.951900547782818185e-01
9.378757515030059722e+00 -7.251225708066307840e-01 5.305519577898195616e-01
9.418837675350701488e+00 -7.304829774904653128e-01 5.562804526942568550e-01
9.458917835671341479e+00 -7.316454007803374626e-01 5.703503229432087540e-01
9.498997995991983245e+00 -7.286625971514953948e-01 5.713427146579075355e-01
9.539078156312625012e+00 -7.216209977074953263e-01 5.586348266385675609e-01
9.579158316633266779e+00 -7.106384331496452544e-01 5.325219165452628189e-01
9.619238476953906769e+00 -6.958620398601680357e-01 4.942482074325427188e-01
9.659318637274548536e+00 -6.774666445001417125e-01 4.459334595021034464e-01
9.699398797595190302e+00 -6.556533167345153235e-01 3.903963789340190171e-01
9.739478957915832069e+00 -6.306484062487117681e-01 3.308920486581453102e-01
9.779559118236472059e+00 -6.027026837840528950e-01 2.707947304277537048e-01
9.819639278557113826e+00 -5.720907905454400977e-01 2.132676373792648794e-01
9.859719438877755593e+00 -5.391106880558742542e-01 1.609654174323285614e-01
9.899799599198395583e+00 -5.040831036753233851e-01 1.158100250566690970e-01
9.939879759519037350e+00 -4.673508611742032137e-01 7.887077825111324381e-02
9.979959919839679117e+00 -4.292778190314195941e-01 5.036024101375299877e-02
1.002004008016032088e+01 -3.902476044826856949e-01 2.974041381208125320e-02
1.006012024048096087e+01 -3.506615622556121803e-01 1.591326726494724647e-02
1.010020040080160264e+01 -3.109364751296726515e-01 7.458771113731839375e-03
1.014028056112224441e+01 -2.715011709334771983e-01 2.876533491141394609e-03
1.018036072144288617e+01 -2.327929737724926118e-01 7.917797737945347913e-04
1.022044088176352616e+01 -1.952528387643976404e-01 9.666525356646042807e-05
1.026052104208416793e+01 -1.593205138168466151e-01 1.425862440658018704e-05
1.030060120240480970e+01 -1.254283498343829184e-01 8.946715543779755052e-05
1.034068136272544969e+01 -9.399542294909392359e-02 1.253819831611560414e-04
1.038076152304609145e+01 -6.542045533496962384e-02 9.180807852340187771e-05
1.042084168336673322e+01 -4.007540374951210765e-02 3.369492775826238539e-05
1.046092184368737499e+01 -1.829816988711303535e-02 1.197311722410326601e-06
1.050100200400801498e+01 -3.863544760983024864e-04 1.277902497924636212e-05
1.054108216432865675e+01 1.340941260085730044e-02 5.099974067675360390e-05
1.058116232464929851e+01 2.289076254160617857e-02 8.117314099698049281e-05
1.062124248496994028e+01 2.791678419151856841e-02 7.809589034560941701e-05
1.066132264529058027e+01 2.840760355707202742e-02 4.652364879002598416e-05
1.070140280561122204e+01 2.434737219773270081e-02 2.616122954681020200e-05
1.074148296593186380e+01 1.578554326810079414e-02 7.938404980943908221e-05
1.078156312625250379e+01 2.837165583524881192e-03 2.670551732506587571e-04
1.082164328657314556e+01 -1.431846936358299044e-02 6.222226103346974613e-04
1.086172344689378733e+01 -3.544037242573436219e-02 1.131971964403278869e-03
1.090180360721442909e+01 -6.022983550377940254e-02 1.734348971041527274e-03
1.094188376753506908e+01 -8.833558282139503115e-02 2.331717004213168087e-03
1.098196392785571085e+01 -1.193600346902284615e-01 2.816018215345094181e-03
1.102204408817635262e+01 -1.528664893046432216e-01 3.097585388043831364e-03
1.106212424849699438e+01 -1.883870365498972743e-01 3.128246885170105074e-03
1.110220440881763437e+01 -2.254309481016149586e-01 2.911907306444454051e-03
1.114228456913827614e+01 -2.634934061451355003e-01 2.500202055370768280e-03
1.118236472945891791e+01 -3.020641647898843485e-01 1.975802340086423459e-03
1.122244488977955790e+01 -3.406361886989803245e-01 1.429463854564028439e-03
1.126252505010019966e+01 -3.787136776352818535e-01 9.382697415765749258e-04
1.130260521042084143e+01 -4.158197768757670443e-01 5.510420095350956546e-04
1.134268537074148320e+01 -4.515032162989265907e-01 2.839546153655673664e-04
1.138276553106212319e+01 -4.853444388594745917e-01 1.255895807043156407e-04
1.142284569138276495e+01 -5.169603603572400230e-01 4.800198570026105460e-05
1.146292585170340672e+01 -5.460085253413681228e-01 1.907805571788706342e-05
1.150300601202404849e+01 -5.721897939139325429e-01 1.215471209891734464e-05
1.154308617234468848e+01 -5.952504270319251001e-01 1.069759463669211093e-05
1.158316633266533024e+01 -6.149827996373947725e-01 8.076135510223837687e-06
1.162324649298597201e+01 -6.312255901308000405e-01 4.156510505314479854e-06
1.166332665330661200e+01 -6.438628589968318217e-01 1.092456031353509603e-06
1.170340681362725377e+01 -6.528227295124520158e-01 2.595365555615703539e-07
1.174348697394789554e+01 -6.580753260774304669e-01 1.209200898136950064e-06
1.178356713426853730e+01 -6.596304583793264342e-01 2.353238129875902699e-06
1.182364729458917729e+01 -6.575349691699874377e-01 2.373021637588262276e-06
1.186372745490981906e+01 -6.518699616640305505e-01 1.269819811493753584e-06
1.190380761523046083e+01 -6.427480645248553337e-01 4.364331560599839199e-07
1.194388777555110259e+01 -6.303106771588748991e-01 1.802609531629366509e-06
1.198396793587174258e+01 -6.147255361361251280e-01 6.624277238997698994e-06
1.202404809619238435e+01 -5.961843132698246839e-01 1.462328118979828332e-05
1.206412825651302612e+01 -5.749006888464668341e-01 2.393218121643151988e-05
1.210420841683366611e+01 -5.511084510093660072e-01 3.184682781647711657e-05
1.214428857715430787e+01 -5.250600797922694296e-01 3.597526200474368639e-05
1.218436873747494964e+01 -4.970252978024165547e-01 3.521613915567425060e-05
1.222444889779559141e+01 -4.672899817387343169e-01 3.012334344635220849e-05
1.226452905811623140e+01 -4.361549388509913250e-01 2.254711104727897668e-05
1.230460921843687316e+01 -4.039348246872463410e-01 1.478222797594812553e-05
1.234468937875751493e+01 -3.709568027102540522e-01 8.651612244108493319e-06
1.238476953907815670e+01 -3.375590835663628830e-01 4.927692601360405750e-06
1.242484969939879669e+01 -3.040890951968597267e-01 3.290036173232871889e-06
1.246492985971943845e+01 -2.709012851204833372e-01 2.753058071365685723e-06
1.250501002004008022e+01 -2.383544955488758055e-01 2.304883022605066320e-06
1.254509018036072021e+01 -2.068087889633794807e-01 1.452453384551114952e-06
1.258517034068136198e+01 -1.766218782196073978e-01 4.677140508241801815e-07
1.262525050100200374e+01 -1.481449308147844424e-01 3.023858308390227261e-07
1.266533066132264551e+01 -1.217181209359107508e-01 2.295592427130131200e-06
1.270541082164328550e+01 -9.766560558607823017e-02 7.870737180256648087e-06
1.274549098196392727e+01 -7.629050240634772939e-02 1.839464260711415474e-05
1.278557114228456904e+01 -5.786946545106792794e-02 3.529019339215152515e-05
1.282565130260520903e+01 -4.264760055156253948e-02 6.040699265535491152e-05
1.286573146292585079e+01 -3.083325063662164384e-02 9.661916735686319475e-05
1.290581162324649256e+01 -2.259349313719792238e-02 1.486342672572592922e-04
1.294589178356713433e+01 -1.804983169822269029e-02 2.240545556611838200e-04
1.298597194388777432e+01 -1.727494393573179160e-02 3.347838675491328028e-04
1.302605210420841608e+01 -2.028994192842940164e-02 4.988830570098256667e-04
1.306613226452905785e+01 -2.706294020880976176e-02 7.429569100225796646e-04
1.310621242484969962e+01 -3.750838845276203287e-02 1.105072629419198314e-03
1.314629258517033961e+01 -5.148781979642826773e-02 1.638165223314866402e-03
1.318637274549098137e+01 -6.881149783700846179e-02 2.413803148305815934e-03
1.322645290581162314e+01 -8.924141809962669869e-02 3.526193025464715355e-03
1.326653306613226313e+01 -1.124951920367135288e-01 5.096246956474271769e-03
1.330661322645290490e+01 -1.382510604284167832e-01 7.275527681253540074e-03
1.334669338677354666e+01 -1.661536175316542518e-01 1.024975325214373331e-02
1.338677354709418843e+01 -1.958203118710209467e-01 1.424140833905517337e-02
1.342685370741482842e+01 -2.268483541214158516e-01 1.951071880143102552e-02
1.346693386773547019e+01 -2.588219805236404158e-01 2.635402417625057683e-02
1.350701402805611195e+01 -2.913197377825476608e-01 3.509823784625504955e-02
1.354709418837675372e+01 -3.239217036271916372e-01 4.609003312713811501e-02
1.358717434869739371e+01 -3.562163281795285852e-01 5.967830383533506700e-02
1.362725450901803548e+01 -3.878068571810101006e-01 7.618893268184720458e-02
1.366733466933867724e+01 -4.183170318560807677e-01 9.589143935916265293e-02
1.370741482965931723e+01 -4.473961286551945138e-01 1.189583136094132243e-01
1.374749498997995900e+01 -4.747230488229197687e-01 1.454190892150125092e-01
1.378757515030060077e+01 -5.000096384399286276e-01 1.751129348036849220e-01
1.382765531062124253e+01 -5.230029838580221302e-01 2.076449159426375091e-01
1.386773547094188253e+01 -5.434869559056501043e-01 2.423524658960171108e-01
1.390781563126252429e+01 -5.612828097247547499e-01 2.782888771597560318e-01
1.394789579158316606e+01 -5.762491522998504090e-01 3.142307013352547695e-01
1.398797595190380783e+01 -5.882811720372261854e-01 3.487138757020646351e-01
1.402805611222444782e+01 -5.973094140347063874e-01 3.801017878281549023e-01
1.406813627254508958e+01 -6.032980995811806357e-01 4.066837520742523360e-01
1.410821643286573135e+01 -6.062431826465606299e-01 4.267998325423029149e-01
1.414829659318637134e+01 -6.061702491018838845e-01 4.389817289601722905e-01
1.418837675350701311e+01 -6.031323174829165135e-01 4.420977531817110173e-01
1.422845691382765487e+01 -5.972077421768094974e-01 4.354847823549887753e-01
1.426853707414829664e+01 -5.884981287754784685e-01 4.190513031939926969e-01
1.430861723446893663e+01 -5.771265323679025672e-01 3.933345474332344271e-01
1.434869739478957840e+01 -5.632357132599228322e-01 3.595000017977441065e-01
1.438877755511022016e+01 -5.469867569164112986e-01 3.192761817162286797e-01
1.442885771543086193e+01 -5.285577342433024350e-01 2.748258108374939113e-01
1.446893787575150192e+01 -5.081427087864315295e-01 2.285636004304161251e-01
1.450901803607214369e+01 -4.859507181980843860e-01 1.829381856354622971e-01
1.454909819639278545e+01 -4.622050044665506063e-01 1.402045781793218870e-01
1.458917835671342544e+01 -4.371421222237863446e-01 1.022146467201100473e-01
1.462925851703406721e+01 -4.110111459580064741e-01 7.025572409361484361e-02
1.466933867735470898e+01 -3.840726495610359836e-01 4.495905745709783546e-02
1.470941883767535074e+01 -3.565976177047028295e-01 2.629338801958967103e-02
1.474949899799599073e+01 -3.288660345666826190e-01 1.364342333197398997e-02
1.478957915831663250e+01 -3.011652544781373564e-01 5.961476258634025062e-03
1.482965931863727427e+01 -2.737879853797146601e-01 1.966387444525830204e-03
1.486973947895791603e+01 -2.470299507944344053e-01 3.566615726778843681e-04
1.490981963927855602e+01 -2.211871501486938896e-01 1.514322050810584691e-06
1.494989979959919779e+01 -1.965527605285941892e-01 7.831594352134091624e-05
1.498997995991983956e+01 -1.734136901955452004e-01 1.353890536435402943e-04
1.503006012024047955e+01 -1.520468118486615894e-01 7.424168304104007904e-05
1.507014028056112132e+01 -1.327149793554649737e-01 6.164297049627155255e-05
1.511022044088176308e+01 -1.156628363730461684e-01 3.960827781638244678e-04
1.515030060120240485e+01 -1.011126162993296190e-01 1.361894484093836627e-03
1.519038076152304484e+01 -8.925990729021396342e-02 3.105606489040501576e-03
1.523046092184368661e+01 -8.026967524382618013e-02 5.562435163082093958e-03
1.527054108216432837e+01 -7.427246221303514251e-02 8.448094177042671932e-03
1.531062124248497014e+01 -7.136113599229591820e-02 1.131452568593499866e-02
1.535070140280561013e+01 -7.158802987209932078e-02 1.365306204949012781e-02
1.539078156312625190e+01 -7.496291046126417335e-02 1.501666952672198185e-02
1.543086172344689366e+01 -8.145151719885387886e-02 1.512963240911196702e-02
1.547094188376753365e+01 -9.097514442060455897e-02 1.395637041352366936e-02
1.551102204408817542e+01 -1.034109069200472852e-01 1.171261672859612996e-02
1.555110220440881719e+01 -1.185931601200815172e-01 8.816956872216912336e-03
1.559118236472945895e+01 -1.363156170454107030e-01 5.795745208862667329e-03
1.563126252505009894e+01 -1.563346044837596316e-01 3.166185200288502543e-03
1.567134268537074071e+01 -1.783729158089359668e-01 1.326274081349236491e-03
1.571142284569138248e+01 -2.021246563298625121e-01 4.781997287589209462e-04
1.575150300601202424e+01 -2.272604749585818706e-01 6.013150567373704968e-04
1.579158316633266423e+01 -2.534335300398659618e-01 1.478143469365197655e-03
1.583166332665330600e+01 -2.802855439279681726e-01 2.762974975693579388e-03
1.587174348697394777e+01 -3.074532615133505620e-01 4.072867886218299247e-03
1.591182364729458776e+01 -3.345746534910759573e-01 5.076970174748431965e-03
1.595190380761522952e+01 -3.612951741139794337e-01 5.562575755780568496e-03
1.599198396793587129e+01 -3.872734263653488940e-01 5.464619021050062288e-03
1.603206412825651128e+01 -4.121865675644155180e-01 4.856063366569783948e-03
1.607214428857715305e+01 -4.357348485835257357e-01 3.907008042054314033e-03
1.611222444889779482e+01 -4.576456604458823407e-01 2.827586274856375495e-03
1.615230460921843658e+01 -4.776765533119654572e-01 1.811627288878076957e-03
1.619238476953907835e+01 -4.956176407674692808e-01 9.954985006603292094e-04
1.623246492985972012e+01 -5.112929535959557237e-01 4.398839991263752921e-04
1.627254509018035833e+01 -5.245611803269282225e-01 1.347963778590084206e-04
1.631262525050100010e+01 -5.353154708278885510e-01 2.150385036887842951e-05
1.635270541082164186e+01 -5.434827379633399014e-01 2.156687262083073383e-05
1.639278557114228363e+01 -5.490222467369523240e-01 6.313390811075873018e-05
1.643286573146292540e+01 -5.519238869111294798e-01 9.761905065070054083e-05
1.647294589178356716e+01 -5.522060211211936576e-01 1.043808591040144634e-04
1.651302605210420893e+01 -5.499132287856981494e-01 8.532839679785202917e-05
1.655310621242485070e+01 -5.451139174632081419e-01 5.416386326996919752e-05
1.659318637274548891e+01 -5.378980212883897050e-01 2.551532057829565198e-05
1.663326653306613068e+01 -5.283748044261095123e-01 7.883578075779997470e-06
1.667334669338677244e+01 -5.166708834258090244e-01 1.841134193412588994e-06
1.671342685370741421e+01 -5.029284940208742505e-01 2.551419359152973161e-06
1.675350701402805598e+01 -4.873040279483912274e-01 4.172388137226465819e-06
1.679358717434869774e+01 -4.699668356630541943e-01 3.556921599389731175e-06
1.683366733466933951e+01 -4.510982687136515512e-01 1.599144798596292718e-06
1.687374749498997772e+01 -4.308908988373054694e-01 2.031556495242582195e-06
1.691382765531061949e+01 -4.095478828604892652e-01 8.726672385752570893e-06
1.695390781563126126e+01 -3.872823357348286200e-01 2.310647907212579972e-05
1.699398797595190302e+01 -3.643167229013432595e-01 4.298272938493525821e-05
1.703406813627254479e+01 -3.408820593611830985e-01 6.328810963828795835e-05
1.707414829659318656e+01 -3.172170046173251046e-01 7.821169724086858446e-05
1.711422845691382832e+01 -2.935665808230184526e-01 8.361678490529671670e-05
1.715430861723446654e+01 -2.701806986677998679e-01 7.861208748256582734e-05
1.719438877755510831e+01 -2.473121850538229916e-01 6.563061096463740937e-05
1.723446893787575007e+01 -2.252145884999549319e-01 4.912580803656030527e-05
1.727454909819639184e+01 -2.041394563308296106e-01 3.361912236139845682e-05
1.731462925851703361e+01 -1.843334278259789460e-01 2.205635179492865781e-05
1.735470941883767537e+01 -1.660348706971112587e-01 1.522324449216359195e-05
1.739478957915831714e+01 -1.494704373532719233e-01 1.242570491456882172e-05
1.743486973947895891e+01 -1.348513277151693612e-01 1.308903988606136035e-05
1.747494989979959712e+01 -1.223696290401450476e-01 1.857407609615139896e-05
1.751503006012023889e+01 -1.121945882375840475e-01 3.351809983891858584e-05
1.755511022044088065e+01 -1.044691553888334873e-01 6.631501524968556568e-05
1.759519038076152242e+01 -9.930670620985986019e-02 1.288008157851623637e-04
1.763527054108216419e+01 -9.678824374683671350e-02 2.355892660358390258e-04
1.767535070140280595e+01 -9.696000528160780840e-02 4.036752929762156485e-04
1.771543086172344772e+01 -9.983173999495252582e-02 6.528497255544658427e-04
1.775551102204408593e+01 -1.053755627232227376e-01 1.007246818038477505e-03
1.779559118236472770e+01 -1.135256238265984624e-01 1.498072200230191183e-03
1.783567134268536947e+01 -1.241784432062259941e-01 2.167368838803153050e-03
1.787575150300601123e+01 -1.371941358768724584e-01 3.072560906380420159e-03
1.791583166332665300e+01 -1.523982901613366858e-01 4.291436202693050747e-03
1.795591182364729477e+01 -1.695847290442301092e-01 5.927150462516428756e-03
1.799599198396793653e+01 -1.885188089507378872e-01 8.112584068541945498e-03
1.803607214428857475e+01 -2.089415079232726236e-01 1.101325632571792043e-02
1.807615230460921651e+01 -2.305738416722993567e-01 1.482765330489393615e-02
1.811623246492985828e+01 -2.531219016034700897e-01 1.978402656638594131e-02
1.815631262525050005e+01 -2.762819389378994295e-01 2.613271416520972570e-02
1.819639278557114181e+01 -2.997458533859976293e-01 3.413381619602575551e-02
1.823647294589178358e+01 -3.232064068339625118e-01 4.404043637604487110e-02
1.827655310621242535e+01 -3.463626063767499819e-01 5.607858002931895985e-02
1.831663326653306711e+01 -3.689244922812140448e-01 7.042504929108092671e-02
1.835671342685370533e+01 -3.906178779267225898e-01 8.718495225984088104e-02
1.839679358717434710e+01 -4.111882184474962010e-01 1.063702408566377378e-01
1.843687374749498886e+01 -4.304042646813514006e-01 1.278804031341087277e-01
1.847695390781563063e+01 -4.480606529566448226e-01 1.514860967735723596e-01
1.851703406813627240e+01 -4.639801881755015178e-01 1.768164460387310899e-01
1.855711422845691416e+01 -4.780149829926318983e-01 2.033506997080592460e-01
1.859719438877755593e+01 -4.900472831320971112e-01 2.304157003075958665e-01
1.863727454909819414e+01 -4.999891962303250059e-01 2.571907907776915803e-01
1.867735470941883591e+01 -5.077821785082660133e-01 2.827229746694143731e-01
1.871743486973947768e+01 -5.133955935238666557e-01 3.059547541019967953e-01
1.875751503006011944e+01 -5.168251590788920380e-01 3.257674910440664928e-01
1.879759519038076121e+01 -5.180907257921102405e-01 3.410412626173341955e-01
1.883767535070140298e+01 -5.172341068743188108e-01 3.507308243803501924e-01
1.887775551102204474e+01 -5.143165358718557734e-01 3.539537254716869641e-01
1.891783567134268296e+01 -5.094163444646232497e-01 3.500839838947645277e-01
1.895791583166332472e+01 -5.026265411724698540e-01 3.388408149409892767e-01
1.899799599198396649e+01 -4.940527507837704779e-01 3.203604322836620111e-01
1.903807615230460826e+01 -4.838112553058989684e-01 2.952374615551435211e-01
1.907815631262525002e+01 -4.720274785490858882e-01 2.645250329549231338e-01
1.911823647294589179e+01 -4.588346671525669884e-01 2.296858385303918726e-01
1.915831663326653356e+01 -4.443730247383440024e-01 1.924933010024362512e-01
1.919839679358717532e+01 -4.287890206513560454e-01 1.548891100466152360e-01
1.923847695390781354e+01 -4.122350895176498664e-01 1.188108725221305728e-01
1.927855711422845530e+01 -3.948693804862172807e-01 8.601031395302549676e-02
1.931863727454909707e+01 -3.768557812015077002e-01 5.788490623184189277e-02
1.935871743486973884e+01 -3.583637988671534158e-01 3.534713500462390717e-02
1.939879759519038060e+01 -3.395685759111419233e-01 1.874981714117278722e-02
1.943887775551102237e+01 -3.206505513243821937e-01 7.880315480305934497e-03
1.947895791583166414e+01 -3.017951266003275346e-01 2.024782686473309765e-03
1.951903807615230235e+01 -2.831917985338125998e-01 9.458195179520593131e-05
1.955911823647294412e+01 -2.650332074499535118e-01 7.960990926039522662e-04
1.959919839679358589e+01 -2.475135490524157655e-01 2.819092759915616583e-03
1.963927855711422765e+01 -2.308268740574037081e-01 5.015194114645737944e-03
1.967935871743486942e+01 -2.151647497378398610e-01 6.539866359978345825e-03
1.971943887775551119e+01 -2.007138501391127483e-01 6.937102141886728607e-03
1.975951903807615295e+01 -1.876530125528511894e-01 6.155491561348631555e-03
1.979959919839679117e+01 -1.761503251214836530e-01 4.495851289767738811e-03
1.983967935871743293e+01 -1.663598744078750302e-01 2.502173600751814077e-03
1.987975951903807470e+01 -1.584186700192689590e-01 8.171289214727509411e-04
1.991983967935871647e+01 -1.524434785316396701e-01 2.951445396960723566e-05
1.995991983967935823e+01 -1.485279994498512335e-01 5.417961584340773686e-04
2.000000000000000000e+01 -1.467402114531394242e-01 2.481979163119635897e-03
