# time correlation overlap_with_initial
0.000000000000000000e+00 -1.000000000000000000e+00 1.000000000000000000e+00
4.008016032064128098e-02 -9.968163185175867858e-01 9.857884745264110515e-01
8.016032064128256196e-02 -9.872855784135737833e-01 9.443108288319475019e-01
1.202404809619238429e-01 -9.714690358202658915e-01 8.788880670579880539e-01
1.603206412825651239e-01 -9.494702029818584688e-01 7.945825159017839701e-01
2.004008016032063910e-01 -9.214358680920596845e-01 6.975700181198908334e-01
2.404809619238476859e-01 -8.875584844630082237e-01 5.944181772408712039e-01
2.805611222444889807e-01 -8.480777939455828029e-01 4.913773298610920048e-01
3.206412825651302478e-01 -8.032838661378043366e-01 3.937934637229223434e-01
3.607214428857715149e-01 -7.535185978803211615e-01 3.057070009898492646e-01
4.008016032064127820e-01 -6.991784589266722971e-01 2.296757286458888381e-01
4.408817635270541047e-01 -6.407150852657480522e-01 1.668066651511649900e-01
4.809619238476953718e-01 -5.786366894490383439e-01 1.169588197818421105e-01
5.210420841683366389e-01 -5.135069228316483381e-01 7.905132039732602756e-02
5.611222444889779615e-01 -4.459439339517720091e-01 5.141188789314494328e-02
6.012024048096191731e-01 -3.766167715546829831e-01 3.210570401696480336e-02
6.412825651302604957e-01 -3.062413054916706678e-01 1.920382028075775030e-02
6.813627254509018183e-01 -2.355736960648848466e-01 1.096989293712580769e-02
7.214428857715430299e-01 -1.654027962966066190e-01 5.963490730596278031e-03
7.615230460921843525e-01 -9.654062287057911529e-02 3.072147754273871125e-03
8.016032064128255641e-01 -2.981139142751203230e-02 1.492048353349431471e-03
8.416833667334668867e-01 3.396056606941715017e-02 6.788065531837398150e-04
8.817635270541082093e-01 9.396438648756302858e-02 2.869703791706691991e-04
9.218436873747494209e-01 1.494163456756509856e-01 1.115735847509005435e-04
9.619238476953907435e-01 1.995747617649122341e-01 3.935367032251886057e-05
1.002004008016031955e+00 2.437538569644536190e-01 1.235949899915011908e-05
1.042084168336673278e+00 2.813382728147371670e-01 3.365302356687760116e-06
1.082164328657314600e+00 3.117954902893524949e-01 7.628994377609551345e-07
1.122244488977955923e+00 3.346880971331085419e-01 1.346098552195000012e-07
1.162324649298597246e+00 3.496831610205484719e-01 1.624685474333072630e-08
1.202404809619238346e+00 3.565605429673438520e-01 9.657802898529347296e-10
1.242484969939879669e+00 3.552179347550087907e-01 4.288945131196901742e-12
1.282565130260520991e+00 3.456739702757522514e-01 5.270109835498479750e-12
1.322645290581162314e+00 3.280682036197752893e-01 3.071743869805958562e-13
1.362725450901803637e+00 3.026584620916546453e-01 1.670735450712184137e-14
1.402805611222444737e+00 2.698157570639128644e-01 7.125700126561684777e-13
1.442885771543086060e+00 2.300161237318738283e-01 3.546448465401895820e-12
1.482965931863727382e+00 1.838311867248962617e-01 2.827376352985592430e-12
1.523046092184368705e+00 1.319154908868217513e-01 5.759328404085254979e-15
1.563126252505010028e+00 7.499404524768529812e-02 7.205410158768279461e-12
1.603206412825651128e+00 1.384672343776697373e-02 2.557550325454858630e-11
1.643286573146292451e+00 -5.070553112699132531e-02 3.734932544372570151e-11
1.683366733466933773e+00 -1.178173675359971834e-01 2.755657594809738340e-11
1.723446893787575096e+00 -1.866324201615524314e-01 6.331449443963722719e-12
1.763527054108216419e+00 -2.562991983596729084e-01 2.528912568521735758e-12
1.803607214428857741e+00 -3.259825719811624278e-01 3.487836685660220582e-11
1.843687374749498842e+00 -3.948773747063797912e-01 9.148191694972775446e-11
1.883767535070140164e+00 -4.622169382044347685e-01 1.378012874464627270e-10
1.923847695390781487e+00 -5.272834186336325946e-01 1.444558488167027080e-10
1.963927855711422810e+00 -5.894129146626632121e-01 1.092159538654615574e-10
2.004008016032063910e+00 -6.480021347148769983e-01 5.599945490435891796e-11
2.044088176352705233e+00 -7.025102128747332531e-01 1.491657384067624301e-11
2.084168336673346555e+00 -7.524619096020735975e-01 1.519889984041914593e-12
2.124248496993987878e+00 -7.974467147449567639e-01 1.051789181169329248e-11
2.164328657314629201e+00 -8.371192229993608125e-01 2.507008455750517685e-11
2.204408817635270523e+00 -8.711964158554579285e-01 3.120834311070267472e-11
2.244488977955911846e+00 -8.994561197644773687e-01 2.588808893811283380e-11
2.284569138276553169e+00 -9.217334613419917444e-01 1.495325628774238524e-11
2.324649298597194491e+00 -9.379183872084576601e-01 5.700970973664138297e-12
2.364729458917835370e+00 -9.479521999280116074e-01 1.268870980700361490e-12
2.404809619238476692e+00 -9.518250152944570663e-01 3.369532347452963497e-13
2.444889779559118015e+00 -9.495730482180326781e-01 3.471362609026382908e-13
2.484969939879759337e+00 -9.412766515722019722e-01 1.689046458957109236e-13
2.525050100200400660e+00 -9.270586898919063179e-01 4.555042216345243903e-14
2.565130260521041983e+00 -9.070834894410275684e-01 7.262534858323409318e-14
2.605210420841683305e+00 -8.815562830340061273e-01 1.123714497051740529e-14
2.645290581162324628e+00 -8.507230571955741727e-01 1.681593949841133627e-12
2.685370741482965951e+00 -8.148707253709744913e-01 1.216283945178497739e-11
2.725450901803607273e+00 -7.743275456321100370e-01 4.435728556593184854e-11
2.765531062124248596e+00 -7.294634215364281804e-01 1.127289392020272028e-10
2.805611222444889474e+00 -6.806903304402394106e-01 2.253334965616874702e-10
2.845691382765530797e+00 -6.284619978867821422e-01 3.761717754286129938e-10
2.885771543086172120e+00 -5.732736550102918160e-01 5.422166683997550693e-10
2.925851703406813442e+00 -5.156603093828985296e-01 6.870183129337035661e-10
2.965931863727454765e+00 -4.561951600938845552e-01 7.692190721252046827e-10
3.006012024048096087e+00 -3.954858071558650656e-01 7.523923448485724160e-10
3.046092184368737410e+00 -3.341712039412352842e-01 6.146924276084224739e-10
3.086172344689378733e+00 -2.729142469542853444e-01 3.638765554943544084e-10
3.126252505010020055e+00 -2.123977028330298056e-01 8.230041554739853502e-11
3.166332665330661378e+00 -1.533134143475231304e-01 6.407198299807602223e-11
3.206412825651302256e+00 -9.635700344094327852e-02 1.202377562353950289e-09
3.246492985971943579e+00 -4.221615293856429557e-02 6.001306346240397429e-09
3.286573146292584902e+00 8.438763906283938687e-03 2.106834155052017681e-08
3.326653306613226224e+00 5.496747274595897154e-02 6.295740892090464627e-08
3.366733466933867547e+00 9.676859835430592915e-02 1.712069497496837213e-07
3.406813627254508869e+00 1.332917550198331746e-01 4.361536077879396469e-07
3.446893787575150192e+00 1.640476148738758966e-01 1.055672795326574615e-06
3.486973947895791515e+00 1.886196027698574806e-01 2.446376046787078390e-06
3.527054108216432837e+00 2.066695820347790313e-01 5.452396292162921052e-06
3.567134268537074160e+00 2.179482044110763739e-01 1.172353703387328128e-05
3.607214428857715482e+00 2.222992784341703831e-01 2.437361487281383988e-05
3.647294589178356361e+00 2.196645661541955785e-01 4.908636306240984524e-05
3.687374749498997684e+00 2.100852610352484939e-01 9.590457857236435685e-05
3.727454909819639006e+00 1.937023890266563464e-01 1.820216090026061410e-04
3.767535070140280329e+00 1.707543608874693419e-01 3.359733315394698586e-04
3.807615230460921651e+00 1.415728568069294924e-01 6.036939812442276712e-04
3.847695390781562974e+00 1.065766419535527781e-01 1.056909245257758303e-03
3.887775551102204297e+00 6.626340109213341156e-02 1.804255703050433894e-03
3.927855711422845619e+00 2.120049603857921891e-02 3.005296114640620964e-03
3.967935871743486942e+00 -2.798625294617515177e-02 4.887148240379278995e-03
4.008016032064127820e+00 -8.062379166224946381e-02 7.762822940725361276e-03
4.048096192384769587e+00 -1.360047432677413681e-01 1.204937025638455443e-02
4.088176352705410466e+00 -1.933993259543962950e-01 1.828295391238569240e-02
4.128256513026052232e+00 -2.520684584311335130e-01 2.712659517265527537e-02
4.168336673346693111e+00 -3.112750867048122427e-01 3.936559443101561584e-02
4.208416833667334878e+00 -3.702960881741056420e-01 5.588470286323981434e-02
4.248496993987975756e+00 -4.284319332387221402e-01 7.762190528151287350e-02
4.288577154308616635e+00 -4.850163039197533110e-01 1.054945764992341328e-01
4.328657314629258401e+00 -5.394233752192585385e-01 1.402974228803032797e-01
4.368737474949899280e+00 -5.910745193400066544e-01 1.825753271901235653e-01
4.408817635270541047e+00 -6.394429148815410358e-01 2.324806442535425344e-01
4.448897795591181925e+00 -6.840572174471366562e-01 2.896298350673214839e-01
4.488977955911823692e+00 -7.245036159842139778e-01 3.529806097880124338e-01
4.529058116232464570e+00 -7.604268024413166627e-01 4.207534389214728776e-01
4.569138276553106337e+00 -7.915299367530674868e-01 4.904222049353650359e-01
4.609218436873747216e+00 -8.175735716284239230e-01 5.587932546539845502e-01
4.649298597194388982e+00 -8.383741995495707089e-01 6.221839282308605501e-01
4.689378757515029861e+00 -8.538019510368036746e-01 6.766960852429323436e-01
4.729458917835670739e+00 -8.637784552771038404e-01 7.185657941672661808e-01
4.769539078156312506e+00 -8.682741258719268718e-01 7.445511957333434960e-01
4.809619238476953385e+00 -8.673059795687571016e-01 7.523108437482343147e-01
4.849699398797595151e+00 -8.609351755553545926e-01 7.407152536072946214e-01
4.889779559118236030e+00 -8.492652361867504274e-01 7.100411397129626767e-01
4.929859719438877796e+00 -8.324402573336239231e-01 6.620081327122944170e-01
4.969939879759518675e+00 -8.106437076066290714e-01 5.996420129572651581e-01
5.010020040080160442e+00 -7.840974310476955811e-01 5.269751827393707178e-01
5.050100200400801320e+00 -7.530609193013628744e-01 4.486215378838513956e-01
5.090180360721443087e+00 -7.178309379404096413e-01 3.692880490579662500e-01
5.130260521042083965e+00 -6.787409192782520861e-01 2.932919082882016748e-01
5.170340681362724844e+00 -6.361608077678442275e-01 2.241572996301997023e-01
5.210420841683366611e+00 -5.904960516888768662e-01 1.643429909953534607e-01
5.250501002004007489e+00 -5.421871185605062760e-01 1.151354679800752900e-01
5.290581162324649256e+00 -4.917075016681665689e-01 7.670399596877318371e-02
5.330661322645290134e+00 -4.395623265821868575e-01 4.829342906394384211e-02
5.370741482965931901e+00 -3.862848481257512567e-01 2.850346255336770954e-02
5.410821643286572780e+00 -3.324336610304445827e-01 1.559874241360238202e-02
5.450901803607214546e+00 -2.785873417420304810e-01 7.794146734111556327e-03
5.490981963927855425e+00 -2.253399795301757047e-01 3.475249504140752281e-03
5.531062124248497192e+00 -1.732938941048828563e-01 1.332920096785207044e-03
5.571142284569138070e+00 -1.230534899768817442e-01 4.117501161222757015e-04
5.611222444889778949e+00 -7.521631597649111600e-02 8.884462058539076615e-05
5.651302605210420715e+00 -3.036557147232866322e-02 8.491508631539552792e-06
5.691382765531061594e+00 1.093988589638930468e-02 1.012750876456242850e-07
5.731462925851703361e+00 4.817374303077636560e-02 1.428414786657482234e-06
5.771543086172344239e+00 8.085238436629095526e-02 4.860761820663544331e-07
5.811623246492986006e+00 1.085429267941767917e-01 1.954663462755411636e-07
5.851703406813626884e+00 1.308724706363944834e-01 2.658287971178520361e-06
5.891783567134268651e+00 1.475349745000494317e-01 6.184475351134963568e-06
5.931863727454909530e+00 1.582985259000806721e-01 7.857488906309589629e-06
5.971943887775551296e+00 1.630101028088123405e-01 6.417419611432121322e-06
6.012024048096192175e+00 1.615999440362952955e-01 3.092462137367535446e-06
6.052104208416833053e+00 1.540834423872621262e-01 4.286874105017805023e-07
6.092184368737474820e+00 1.405620136223380001e-01 4.122323758846698691e-07
6.132264529058115698e+00 1.212216982452224145e-01 3.233048189694462412e-06
6.172344689378757465e+00 9.633036112159609754e-02 7.315991899116011611e-06
6.212424849699398344e+00 6.623299239393881654e-02 1.038588050548857862e-05
6.252505010020040110e+00 3.134554645151155228e-02 1.080722511913918256e-05
6.292585170340680989e+00 -7.852640944122919742e-03 8.428851920428491909e-06
6.332665330661322756e+00 -5.082763238580248477e-02 4.558615487516940635e-06
6.372745490981963634e+00 -9.700056850137024622e-02 1.199465463732816999e-06
6.412825651302604513e+00 -1.457580129617148390e-01 2.768934161792474614e-08
6.452905811623246279e+00 -1.964626943206087273e-01 1.642998399738014510e-06
6.492985971943887158e+00 -2.484642210927330563e-01 5.404173463982046452e-06
6.533066132264528925e+00 -3.011097711745168715e-01 9.837358649596568972e-06
6.573146292585169803e+00 -3.537540263793919060e-01 1.334276102507868252e-05
6.613226452905811570e+00 -4.057687903481460023e-01 1.483976095591861625e-05
6.653306613226452448e+00 -4.565512066793435131e-01 1.408619414176113591e-05
6.693386773547094215e+00 -5.055315303230104584e-01 1.160246168319072673e-05
6.733466933867735094e+00 -5.521790312606350559e-01 8.318200279965484674e-06
6.773547094188376860e+00 -5.960074838036504286e-01 5.149564220952816369e-06
6.813627254509017739e+00 -6.365785518717084202e-01 2.696546797093948412e-06
6.853707414829658617e+00 -6.735049283121447017e-01 1.147524971195586976e-06
6.893787575150300384e+00 -7.064513763755958520e-01 3.681237637750707572e-07
6.933867735470941263e+00 -7.351357806590034238e-01 7.809044354690868516e-08
6.973947895791583029e+00 -7.593283198213943708e-01 1.313735251556575273e-08
7.014028056112223908e+00 -7.788509288777407669e-01 9.495440620798905419e-09
7.054108216432865675e+00 -7.935752579558980058e-01 6.216635943027808872e-09
7.094188376753506553e+00 -8.034211610338208853e-01 6.641186325062665512e-10
7.134268537074148320e+00 -8.083541373663473140e-01 1.580826119146588759e-09
7.174348697394789198e+00 -8.083834477692856124e-01 6.904439890983702953e-09
7.214428857715430965e+00 -8.035596471386909911e-01 7.690567954091115797e-09
7.254509018036071843e+00 -7.939728023255516742e-01 2.079381342540806105e-09
7.294589178356712722e+00 -7.797505344048418774e-01 1.821717596007533418e-09
7.334669338677354489e+00 -7.610566057516395810e-01 2.469673020361638012e-08
7.374749498997995367e+00 -7.380896413624193908e-01 7.911340998989547274e-08
7.414829659318637134e+00 -7.110821108357490150e-01 1.533196450536544899e-07
7.454909819639278012e+00 -6.802996367987436122e-01 2.179790525492300589e-07
7.494989979959919779e+00 -6.460401667764634759e-01 2.414934309650049718e-07
7.535070140280560658e+00 -6.086335498946559008e-01 2.087835325527375123e-07
7.575150300601202424e+00 -5.684405168272286257e-01 1.322600160303832567e-07
7.615230460921843303e+00 -5.258520523407501646e-01 4.846626219557728320e-08
7.655310621242485070e+00 -4.812877118850796276e-01 2.374353834291547100e-09
7.695390781563125948e+00 -4.351942641990536598e-01 2.799681327026848598e-08
7.735470941883766827e+00 -3.880428900682209581e-01 1.353214777851982263e-07
7.775551102204408593e+00 -3.403266278821004409e-01 3.095230871893235199e-07
7.815631262525049472e+00 -2.925561261828584225e-01 5.217670155120360928e-07
7.855711422845691239e+00 -2.452555903251193714e-01 7.456231992039806608e-07
7.895791583166332117e+00 -1.989569800153750956e-01 9.721392971601818838e-07
7.935871743486973884e+00 -1.541944042013052851e-01 1.219823871592072893e-06
7.975951903807614762e+00 -1.114969348263901844e-01 1.541756788095892128e-06
8.016032064128255641e+00 -7.138169143026110164e-02 2.037770931688040103e-06
8.056112224448897408e+00 -3.434573601685836364e-02 2.883582734082352840e-06
8.096192384769539174e+00 -8.583798047109738975e-04 4.390962961090276533e-06
8.136272545090179165e+00 2.864712366000633087e-02 7.115002850111664804e-06
8.176352705410820931e+00 5.378127836663330885e-02 1.202913815014310395e-05
8.216432865731462698e+00 7.420598329255329029e-02 2.079785713355998767e-05
8.256513026052104465e+00 8.964132922807120651e-02 3.619269836970808677e-05
8.296593186372744455e+00 9.987166716473012962e-02 6.271953574830626708e-05
8.336673346693386222e+00 1.047505993387602696e-01 1.075534956807256505e-04
8.376753507014027988e+00 1.042046897010915213e-01 1.819104576550946732e-04
8.416833667334669755e+00 9.823590464516004928e-02 3.030172924817152685e-04
8.456913827655309746e+00 8.692242227465789284e-02 4.968709694596568169e-04
8.496993987975951512e+00 7.041806642649196812e-02 8.019904547438707438e-04
8.537074148296593279e+00 4.895001820823191574e-02 1.274352808506488619e-03
8.577154308617233269e+00 2.281516065608946500e-02 1.993648251954546844e-03
8.617234468937875036e+00 -7.625111925335353001e-03 3.070878186818536311e-03
8.657314629258516803e+00 -4.195132395361507449e-02 4.657121150432769717e-03
8.697394789579158569e+00 -7.969344500780484175e-02 6.953031028330720724e-03
8.737474949899798560e+00 -1.203394265180153244e-01 1.021823499358330209e-02
8.777555110220440326e+00 -1.633442116163964786e-01 1.477940932115289971e-02
8.817635270541082093e+00 -2.081394614587883385e-01 2.103524972758170908e-02
8.857715430861723860e+00 -2.541430431031090342e-01 2.945622526820605366e-02
8.897795591182363850e+00 -3.007689234130374589e-01 4.057648849534417623e-02
8.937875751503005617e+00 -3.474361320794170371e-01 5.497547822604430257e-02
8.977955911823647384e+00 -3.935778525834973118e-01 7.324669481165863028e-02
9.018036072144287374e+00 -4.386490087216713962e-01 9.595236082594339744e-02
9.058116232464929141e+00 -4.821337733708154771e-01 1.235635410887620939e-01
9.098196392785570907e+00 -5.235511932521407230e-01 1.563879261579824154e-01
9.138276553106212674e+00 -5.624606260808703295e-01 1.944893435054653452e-01
9.178356713426852664e+00 -5.984651474085389555e-01 2.376065117243470193e-01
9.218436873747494431e+00 -6.312147591281525028e-01 2.850806427068890980e-01
9.258517034068136198e+00 -6.604076542130845606e-01 3.358038429851655793e-01
9.298597194388777964e+00 -6.857913553416731256e-01 3.882009543957100628e-01
9.338677354709417955e+00 -7.071621926880742315e-01 4.402559432769939662e-01
9.378757515030059722e+00 -7.243647795362424535e-01 4.895916911966533558e-01
9.418837675350701488e+00 -7.372902434481741762e-01 5.336048194410967227e-01
9.458917835671341479e+00 -7.458745914850181125e-01 5.696522012550613301e-01
9.498997995991983245e+00 -7.500963044019818282e-01 5.952743375149054383e-01
9.539078156312625012e+00 -7.499741735666927145e-01 6.084361914977124419e-01
9.579158316633266779e+00 -7.455648210264990139e-01 6.077557874544904370e-01
9.619238476953906769e+00 -7.369605104418127661e-01 5.926916351498638935e-01
9.659318637274548536e+00 -7.242870118180485539e-01 5.636579056176924674e-01
9.699398797595190302e+00 -7.077017245077371621e-01 5.220455104551275927e-01
9.739478957915832069e+00 -6.873920972305552768e-01 4.701366099400186571e-01
9.779559118236472059e+00 -6.635741894135384067e-01 4.109151534972823039e-01
9.819639278557113826e+00 -6.364916259351532934e-01 3.477925862705564808e-01
9.859719438877755593e+00 -6.064145063397582414e-01 2.842799977679157375e-01
9.899799599198395583e+00 -5.736386619987816626e-01 2.236509392131710849e-01
9.939879759519037350e+00 -5.384846424574373236e-01 1.686385951391846938e-01
9.979959919839679117e+00 -5.012968881397436016e-01 1.212107437797192711e-01
1.002004008016032088e+01 -4.624424129854340926e-01 8.245006917070710206e-02
1.006012024048096087e+01 -4.223094377973408142e-01 5.255389090620919690e-02
1.010020040080160264e+01 -3.813053672914622494e-01 3.094471498694535000e-02
1.014028056112224441e+01 -3.398544637006300495e-01 1.646733928244188336e-02
1.018036072144288617e+01 -2.983947912777960565e-01 7.633511881388838592e-03
1.022044088176352616e+01 -2.573746418849098827e-01 2.870944218118322289e-03
1.026052104208416793e+01 -2.172482831805185588e-01 7.360844773857315535e-04
1.030060120240480970e+01 -1.784710572980449939e-01 6.141698827424206043e-05
1.034068136272544969e+01 -1.414939938888659376e-01 2.379526998847145497e-05
1.038076152304609145e+01 -1.067577574940803548e-01 1.376002112775569024e-04
1.042084168336673322e+01 -7.468643398455669657e-02 1.909262312997826933e-04
1.046092184368737499e+01 -4.568075886519263468e-02 1.516764893791205091e-04
1.050100200400801498e+01 -2.011161024356914254e-02 7.181316258826324502e-05
1.054108216432865675e+01 1.686837623390393184e-03 1.242873672694647603e-05
1.058116232464929851e+01 1.942322401628508721e-02 2.104903999352177833e-06
1.062124248496994028e+01 3.285515343930719284e-02 2.922441570380007427e-05
1.066132264529058027e+01 4.179416126964093092e-02 5.907973727851021056e-05
1.070140280561122204e+01 4.611039245597059466e-02 6.112212941460551234e-05
1.074148296593186380e+01 4.573574071699189336e-02 3.163313906568098160e-05
1.078156312625250379e+01 4.066639412550974303e-02 1.747084389685911171e-06
1.082164328657314556e+01 3.096364682702125795e-02 2.805322418845129857e-05
1.086172344689378733e+01 1.675388356282161983e-02 1.702692165834864349e-04
1.090180360721442909e+01 -1.773164002674436010e-03 4.652916253819035447e-04
1.094188376753506908e+01 -2.436711025907420738e-02 9.079269866369390129e-04
1.098196392785571085e+01 -5.072112169895062750e-02 1.445674534555294868e-03
1.102204408817635262e+01 -8.047706404924381829e-02 1.989716092412003277e-03
1.106212424849699438e+01 -1.132317633281378355e-01 2.438241386740611170e-03
1.110220440881763437e+01 -1.485440733240220301e-01 2.704344976125561475e-03
1.114228456913827614e+01 -1.859425304949613167e-01 2.739243577125626081e-03
1.118236472945891791e+01 -2.249335793816018281e-01 2.543808557436126605e-03
1.122244488977955790e+01 -2.650098094079507693e-01 2.165512343955319167e-03
1.126252505010019966e+01 -3.056584657784162107e-01 1.682805771487755949e-03
1.130260521042084143e+01 -3.463694307954421348e-01 1.182845388720865252e-03
1.134268537074148320e+01 -3.866431700591454468e-01 7.397578765271818494e-04
1.138276553106212319e+01 -4.259977189919404994e-01 3.998599839076869000e-04
1.142284569138276495e+01 -4.639753576332417695e-01 1.769226786856270507e-04
1.146292585170340672e+01 -5.001480602981351886e-01 5.720285786689478211e-05
1.150300601202404849e+01 -5.341224247379945389e-01 1.073148600497994780e-05
1.154308617234468848e+01 -5.655432988419153428e-01 4.143357030670475056e-06
1.158316633266533024e+01 -5.940967661311727932e-01 1.071011821768613615e-05
1.162324649298597201e+01 -6.195119310336038021e-01 1.515356848364216128e-05
1.166332665330661200e+01 -6.415620341581237396e-01 1.313712391324413332e-05
1.170340681362725377e+01 -6.600646127985014822e-01 7.228844957330655893e-06
1.174348697394789554e+01 -6.748810438321389826e-01 1.930311407190569231e-06
1.178356713426853730e+01 -6.859154651571921502e-01 2.077258645496101058e-08
1.182364729458917729e+01 -6.931131916074605437e-01 1.302261764885454794e-06
1.186372745490981906e+01 -6.964588671083353777e-01 3.523105751329990053e-06
1.190380761523046083e+01 -6.959742554608593368e-01 4.340575064685582289e-06
1.194388777555110259e+01 -6.917160886228007621e-01 2.986072649607835374e-06
1.198396793587174258e+01 -6.837737003989328155e-01 7.497428430195575459e-07
1.202404809619238435e+01 -6.722669539395227378e-01 1.771107596752737001e-07
1.206412825651302612e+01 -6.573440752126098463e-01 3.555745159934689974e-06
1.210420841683366611e+01 -6.391799030212084176e-01 1.155955265109451841e-05
1.214428857715430787e+01 -6.179741152818986061e-01 2.274096675195526917e-05
1.218436873747494964e+01 -5.939498726553654739e-01 3.407105025935916725e-05
1.222444889779559141e+01 -5.673524458440724061e-01 4.220191467075859931e-05
1.226452905811623140e+01 -5.384481487453365300e-01 4.481676389575855112e-05
1.230460921843687316e+01 -5.075232025546041470e-01 4.145859262826741141e-05
1.234468937875751493e+01 -4.748827072965949858e-01 3.352978617517062877e-05
1.238476953907815670e+01 -4.408494500246870618e-01 2.356135392013737856e-05
1.242484969939879669e+01 -4.057625729818137295e-01 1.415258169233887999e-05
1.246492985971943845e+01 -3.699759743260462863e-01 7.070677405539129700e-06
1.250501002004008022e+01 -3.338563179475431131e-01 2.849974023483459438e-06
1.254509018036072021e+01 -2.977807011381348734e-01 9.656262894687150880e-07
1.258517034068136198e+01 -2.621337241772891402e-01 3.965783311494870238e-07
1.262525050100200374e+01 -2.273042109550639789e-01 2.681690834374907776e-07
1.266533066132264551e+01 -1.936812093290663228e-01 2.961388450374980386e-07
1.270541082164328550e+01 -1.616497322445813456e-01 9.041360892884458427e-07
1.274549098196392727e+01 -1.315857696948957156e-01 3.062111815641281929e-06
1.278557114228456904e+01 -1.038512384446527020e-01 8.011301831957153406e-06
1.282565130260520903e+01 -7.878831654013905561e-02 1.706577610321767261e-05
1.286573146292585079e+01 -5.671400782672686436e-02 3.162247475952009143e-05
1.290581162324649256e+01 -3.791431592316159976e-02 5.343069500194757562e-05
1.294589178356713433e+01 -2.263900078912064670e-02 8.510837303336878774e-05
1.298597194388777432e+01 -1.109624717324244475e-02 1.308901679586857393e-04
1.302605210420841608e+01 -3.448275903777328795e-03 1.976261567351604489e-04
1.306613226452905785e+01 1.928018125187270365e-04 2.960998025409216023e-04
1.310621242484969962e+01 -2.321197413495054707e-04 4.427636599646693288e-04
1.314629258517033961e+01 -4.726790760260734386e-03 6.619667379763250663e-04
1.318637274549098137e+01 -1.323870238228866923e-02 9.887144973866892565e-04
1.322645290581162314e+01 -2.565894870770134284e-02 1.471921259736153976e-03
1.326653306613226313e+01 -4.182358054805646735e-02 2.178097399629210298e-03
1.330661322645290490e+01 -6.151581905678606826e-02 3.195364485380925140e-03
1.334669338677354666e+01 -8.446963915123650857e-02 4.637714655740933153e-03
1.338677354709418843e+01 -1.103741604953689531e-01 6.649375600631860991e-03
1.342685370741482842e+01 -1.388791332669636058e-01 9.409090585403958110e-03
1.346693386773547019e+01 -1.696010370870914274e-01 1.313392657530909786e-02
1.350701402805611195e+01 -2.021298888753330913e-01 1.808201275278480818e-02
1.354709418837675372e+01 -2.360363576731272783e-01 2.455322601598920046e-02
1.358717434869739371e+01 -2.708791541496768374e-01 3.288661072135968394e-02
1.362725450901803548e+01 -3.062123597471442249e-01 4.345289708605762358e-02
1.366733466933867724e+01 -3.415926180917719934e-01 5.664061439385776470e-02
1.370741482965931723e+01 -3.765858989550952551e-01 7.283416165436187861e-02
1.374749498997995900e+01 -4.107737973810975385e-01 9.238312664459893964e-02
1.378757515030060077e+01 -4.437590985743078975e-01 1.155626181305390299e-01
1.382765531062124253e+01 -4.751706798570318746e-01 1.425262357070850583e-01
1.386773547094188253e+01 -5.046674788467816475e-01 1.732543422381697396e-01
1.390781563126252429e+01 -5.319417452675287983e-01 2.075025853263350040e-01
1.394789579158316606e+01 -5.567212910352626887e-01 2.447565362655790833e-01
1.398797595190380783e+01 -5.787711020967786224e-01 2.841999169282291016e-01
1.402805611222444782e+01 -5.978940091303414084e-01 3.247035306586001369e-01
1.406813627254508958e+01 -6.139308935688457813e-01 3.648418495136337425e-01
1.410821643286573135e+01 -6.267601135291386294e-01 4.029416357988933606e-01
1.414829659318637134e+01 -6.362966845338203781e-01 4.371647764435834804e-01
1.418837675350701311e+01 -6.424908972451942590e-01 4.656227334760040248e-01
1.422845691382765487e+01 -6.453269038926159329e-01 4.865167585610987167e-01
1.426853707414829664e+01 -6.448209657242010007e-01 4.982923598334650372e-01
1.430861723446893663e+01 -6.410198349270117557e-01 4.997942223427541131e-01
1.434869739478957840e+01 -6.339989856839695070e-01 4.904036095612726021e-01
1.438877755511022016e+01 -6.238610712060280727e-01 4.701412422799080004e-01
1.442885771543086193e+01 -6.107343535858071881e-01 4.397185388965015318e-01
1.446893787575150192e+01 -5.947713698329323284e-01 4.005256251738826268e-01
1.450901803607214369e+01 -5.761476190673836539e-01 3.545498019948148949e-01
1.454909819639278545e+01 -5.550604248584952716e-01 3.042271071308504382e-01
1.458917835671342544e+01 -5.317277972938067032e-01 2.522387876691381536e-01
1.462925851703406721e+01 -5.063873597872425858e-01 2.012726111988243638e-01
1.466933867735470898e+01 -4.792952023918419791e-01 1.537773243013322022e-01
1.470941883767535074e+01 -4.507246673786153845e-01 1.117398982910088184e-01
1.474949899799599073e+01 -4.209649614015238406e-01 7.651708009466957894e-02
1.478957915831663250e+01 -3.903195725949072381e-01 4.874360879959275389e-02
1.482965931863727427e+01 -3.591044150518837852e-01 2.833250295198144753e-02
1.486973947895791603e+01 -3.276456795603193139e-01 1.456583611810241367e-02
1.490981963927855602e+01 -2.962773392129340877e-01 6.262992872208912945e-03
1.494989979959919779e+01 -2.653383094210008952e-01 1.997888875456988768e-03
1.498997995991983956e+01 -2.351692388012291690e-01 3.301288495482122224e-04
1.503006012024047955e+01 -2.061089616739800734e-01 1.131547345326937645e-05
1.507014028056112132e+01 -1.784906212345821475e-01 1.334585771439894552e-04
1.511022044088176308e+01 -1.526375264690656708e-01 1.972479499767196070e-04
1.515030060120240485e+01 -1.288587898382119179e-01 9.397040835729198794e-05
1.519038076152304484e+01 -1.074448343335156486e-01 1.184132917878618739e-05
1.523046092184368661e+01 -8.866285732115343488e-02 2.923799053155797727e-04
1.527054108216432837e+01 -7.275235293011327042e-02 1.271691332300646776e-03
1.531062124248497014e+01 -5.992081681734140464e-02 3.143146694856342478e-03
1.535070140280561013e+01 -5.033973296465585334e-02 5.871633965388745741e-03
1.539078156312625190e+01 -4.414099039817104275e-02 9.176219469857837749e-03
1.543086172344689366e+01 -4.141381190218260816e-02 1.258193576492924216e-02
1.547094188376753365e+01 -4.220234643181379475e-02 1.552436064914638862e-02
1.551102204408817542e+01 -4.650397627315528554e-02 1.747943519689908881e-02
1.555110220440881719e+01 -5.426846950051664176e-02 1.808493506610745274e-02
1.559118236472945895e+01 -6.539798808805195873e-02 1.722401049552927874e-02
1.563126252505009894e+01 -7.974803644764412447e-02 1.505085170176659153e-02
1.567134268537074071e+01 -9.712931540329029778e-02 1.195386177416936369e-02
1.571142284569138248e+01 -1.173105019461446880e-01 8.467103993145409790e-03
1.575150300601202424e+01 -1.400218752322895110e-01 5.152987791717635394e-03
1.579158316633266423e+01 -1.649597378145634952e-01 2.485397589028785683e-03
1.583166332665330600e+01 -1.917915121191819394e-01 7.605453512787768494e-04
1.587174348697394777e+01 -2.201613998964183361e-01 5.468874688334869497e-05
1.591182364729458776e+01 -2.496964505146947733e-01 2.348198483288093427e-04
1.595190380761522952e+01 -2.800128883595793261e-01 1.015051985399237139e-03
1.599198396793587129e+01 -3.107225237707446075e-01 2.040652440510647061e-03
1.603206412825651128e+01 -3.414390896002242326e-01 2.976515453317383087e-03
1.607214428857715305e+01 -3.717843272036766011e-01 3.578168985857074422e-03
1.611222444889779482e+01 -4.013936829509233140e-01 3.730305130430639111e-03
1.615230460921843658e+01 -4.299214657714482413e-01 3.448044161459014496e-03
1.619238476953907835e+01 -4.570453644031566287e-01 2.846358193205595407e-03
1.623246492985972012e+01 -4.824702312269498750e-01 2.090808216039705212e-03
1.627254509018035833e+01 -5.059310746993909147e-01 1.345546305404338302e-03
1.631262525050100010e+01 -5.271952496150238421e-01 7.329146852901900289e-04
1.635270541082164186e+01 -5.460638225868289508e-01 3.130809330307758815e-04
1.639278557114228363e+01 -5.623722001047412045e-01 8.521140698883276627e-05
1.643286573146292540e+01 -5.759900128917262441e-01 5.029584935432983944e-06
1.647294589178356716e+01 -5.868204423568130768e-01 9.958320689920028548e-06
1.651302605210420893e+01 -5.947989746908534103e-01 4.251392762732587562e-05
1.655310621242485070e+01 -5.998918493325139378e-01 6.523318514845294228e-05
1.659318637274548891e+01 -6.020941564465609463e-01 6.460590908893368441e-05
1.663326653306613068e+01 -6.014278972815372271e-01 4.571671461206472750e-05
1.667334669338677244e+01 -5.979399172318238254e-01 2.204985509461887652e-05
1.671342685370741421e+01 -5.917000279369908355e-01 5.595164275270895032e-06
1.675350701402805598e+01 -5.827991833397709875e-01 1.006478682364579478e-06
1.679358717434869774e+01 -5.713479810365796885e-01 5.136242325591120745e-06
1.683366733466933951e+01 -5.574753242727050750e-01 1.075559867037160397e-05
1.687374749498997772e+01 -5.413274295411397707e-01 1.176198101849211488e-05
1.691382765531061949e+01 -5.230670139744680869e-01 7.035528740740019954e-06
1.695390781563126126e+01 -5.028727333812668121e-01 1.197298551372710689e-06
1.699398797595190302e+01 -4.809387396536661252e-01 2.201542656961719678e-06
1.703406813627254479e+01 -4.574743047460212986e-01 1.717364696901154994e-05
1.707414829659318656e+01 -4.327034497174359062e-01 4.857927531908711225e-05
1.711422845691382832e+01 -4.068644117466781451e-01 9.248779253853340091e-05
1.715430861723446654e+01 -3.802089843660913515e-01 1.396412419194690223e-04
1.719438877755510831e+01 -3.530014748384778800e-01 1.787417095644918547e-04
1.723446893787575007e+01 -3.255174236035952573e-01 2.004921598010385355e-04
1.727454909819639184e+01 -2.980417763003937459e-01 2.006875802409292364e-04
1.731462925851703361e+01 -2.708667593439325616e-01 1.812193227999345289e-04
1.735470941883767537e+01 -2.442891349010500313e-01 1.487984223726115842e-04
1.739478957915831714e+01 -2.186071734116066811e-01 1.121559434839645790e-04
1.743486973947895891e+01 -1.941170396794945630e-01 7.902688824687595284e-05
1.747494989979959712e+01 -1.711089882888041924e-01 5.414370892750757896e-05
1.751503006012023889e+01 -1.498631094384096640e-01 3.894218019816034248e-05
1.755511022044088065e+01 -1.306450449670528702e-01 3.288848958730424481e-05
1.759519038076152242e+01 -1.137014713682063527e-01 3.573627872909429401e-05
1.763527054108216419e+01 -9.925576331426327892e-02 4.975663780331457343e-05
1.767535070140280595e+01 -8.750368388714055423e-02 8.118269379855830065e-05
1.771543086172344772e+01 -7.860948924055181919e-02 1.405848803266445562e-04
1.775551102204408593e+01 -7.270231947122272886e-02 2.424357111659938705e-04
1.779559118236472770e+01 -6.987323130701897367e-02 4.044965882967942118e-04
1.783567134268536947e+01 -7.017273634920617731e-02 6.477530594370703269e-04
1.787575150300601123e+01 -7.360917008997509836e-02 9.974665146520603556e-04
1.791583166332665300e+01 -8.014771391647898535e-02 1.485610292843167306e-03
1.795591182364729477e+01 -8.971037085174037029e-02 2.154665074296539459e-03
1.799599198396793653e+01 -1.021766486222589754e-01 3.062529917954131143e-03
1.803607214428857475e+01 -1.173852346999089274e-01 4.288180782943727155e-03
1.807615230460921651e+01 -1.351363311421517333e-01 5.937569889270589638e-03
1.811623246492985828e+01 -1.551949277990607723e-01 8.149126023337479111e-03
1.815631262525050005e+01 -1.772945900983785295e-01 1.109792603102388586e-02
1.819639278557114181e+01 -2.011420454833373339e-01 1.499747799255089081e-02
1.823647294589178358e+01 -2.264220578004152162e-01 2.009785060139615206e-02
1.827655310621242535e+01 -2.528028926787074804e-01 2.667919800506036998e-02
1.831663326653306711e+01 -2.799417891492525512e-01 3.504002363396906822e-02
1.835671342685370533e+01 -3.074907750462643752e-01 4.548037463861951540e-02
1.839679358717434710e+01 -3.351021851541728380e-01 5.828076045825893170e-02
1.843687374749498886e+01 -3.624342712345874351e-01 7.367828127219051837e-02
1.847695390781563063e+01 -3.891562259433864468e-01 9.184170824204952732e-02
1.851703406813627240e+01 -4.149530783233327247e-01 1.128471489166144315e-01
1.855711422845691416e+01 -4.395297641308718029e-01 1.366556594621022025e-01
1.859719438877755593e+01 -4.626149110579723112e-01 1.630935957201604947e-01
1.863727454909819414e+01 -4.839636388050446714e-01 1.918362493515444189e-01
1.867735470941883591e+01 -5.033600031664898777e-01 2.223953087110903393e-01
1.871743486973947768e+01 -5.206183930254422165e-01 2.541109552560039675e-01
1.875751503006011944e+01 -5.355845940796755134e-01 2.861504692006707207e-01
1.879759519038076121e+01 -5.481358467020742697e-01 3.175156608514750345e-01
1.883767535070140298e+01 -5.581806778689016868e-01 3.470627826182878795e-01
1.887775551102204474e+01 -5.656578610818004949e-01 3.735381535849024992e-01
1.891783567134268296e+01 -5.705353171220486352e-01 3.956326166055429971e-01
1.895791583166332472e+01 -5.728083438138288352e-01 4.120558470779902560e-01
1.899799599198396649e+01 -5.724979754176712232e-01 4.216286973011733052e-01
1.903807615230460826e+01 -5.696489024776592025e-01 4.233884756493205281e-01
1.907815631262525002e+01 -5.643276896354889605e-01 4.166973015771997524e-01
1.911823647294589179e+01 -5.566207742322105689e-01 4.013414419879152151e-01
1.915831663326653356e+01 -5.466328721312465611e-01 3.776060979979325438e-01
1.919839679358717532e+01 -5.344853352848855099e-01 3.463117682877238646e-01
1.923847695390781354e+01 -5.203149408169853718e-01 3.087998294784875530e-01
1.927855711422845530e+01 -5.042727263818370664e-01 2.668614311213914903e-01
1.931863727454909707e+01 -4.865231897404080907e-01 2.226108657722326301e-01
1.935871743486973884e+01 -4.672435426976424000e-01 1.783129477327839718e-01
1.939879759519038060e+01 -4.466231852201264507e-01 1.361825759151357174e-01
1.943887775551102237e+01 -4.248631645838911175e-01 9.817946562320936654e-02
1.947895791583166414e+01 -4.021756673961338069e-01 6.582517193760084595e-02
1.951903807615230235e+01 -3.787833757835450399e-01 4.006660579476790246e-02
1.955911823647294412e+01 -3.549186696388963447e-01 2.120639406832561594e-02
1.959919839679358589e+01 -3.308225591724820447e-01 8.910324684413228197e-03
1.963927855711422765e+01 -3.067433188189709337e-01 2.292324278722941960e-03
1.967935871743486942e+01 -2.829347478407950867e-01 6.537819477829609537e-05
1.971943887775551119e+01 -2.596540608152075325e-01 7.373963803315652585e-04
1.975951903807615295e+01 -2.371593672751209358e-01 2.823841715654589087e-03
1.979959919839679117e+01 -2.157067992100802079e-01 5.046324475081149369e-03
1.983967935871743293e+01 -1.955472760616615568e-01 6.488294982438430440e-03
1.987975951903807470e+01 -1.769230228464461208e-01 6.685515887592479063e-03
1.991983967935871647e+01 -1.600638610612186152e-01 5.639221638739713716e-03
1.995991983967935823e+01 -1.451834253379291062e-01 3.752215350453923844e-03
2.000000000000000000e+01 -1.324753584612666235e-01 1.700807466833300025e-03
