# time correlation overlap_with_initial
0.000000000000000000e+00 -1.000000000000000000e+00 1.000000000000000000e+00
4.008016032064128098e-02 -9.967766221829307272e-01 9.856335974181001935e-01
8.016032064128256196e-02 -9.871273230319687064e-01 9.437165354191382471e-01
1.202404809619238429e-01 -9.711149614477052605e-01 8.776405877503542508e-01
1.603206412825651239e-01 -9.488457319874266105e-01 7.925707718180006189e-01
2.004008016032063910e-01 -9.204702411856611199e-01 6.947984938495789242e-01
2.404809619238476859e-01 -8.861858473167014694e-01 5.909990599959179525e-01
2.805611222444889807e-01 -8.462384613009762413e-01 4.875055925934362877e-01
3.206412825651302478e-01 -8.009253665709781256e-01 3.897102264846733499e-01
3.607214428857715149e-01 -7.505970889478645880e-01 3.016603404508348407e-01
4.008016032064127820e-01 -6.956596364784213282e-01 2.258851481320197085e-01
4.408817635270541047e-01 -6.365756940879431225e-01 1.634382539534009193e-01
4.809619238476953718e-01 -5.738651798652750768e-01 1.141126630946357606e-01
5.210420841683366389e-01 -5.081049169613931493e-01 7.676184208501191097e-02
5.611222444889779615e-01 -4.399264851799539189e-01 4.965786503779029415e-02
6.012024048096191731e-01 -3.700135922528966503e-01 3.082626087509816523e-02
6.412825651302604957e-01 -2.990964688079034151e-01 1.831612888246150414e-02
6.813627254509018183e-01 -2.279464071203179398e-01 1.038502398598871272e-02
7.214428857715430299e-01 -1.573663957950175718e-01 5.598422346962861687e-03
7.615230460921843525e-01 -8.818269591000438279e-02 2.856938023123627851e-03
8.016032064128255641e-01 -2.123199426062063674e-02 1.372728986999282577e-03
8.416833667334668867e-01 4.264960650817798543e-02 6.169134978875900639e-04
8.817635270541082093e-01 1.026420044729342146e-01 2.571414211817054079e-04
9.218436873747494209e-01 1.579537890561101832e-01 9.833571515155960739e-05
9.619238476953907435e-01 2.078387459041595164e-01 3.400880033815844146e-05
1.002004008016031955e+00 2.516088751040086446e-01 1.042819267890244952e-05
1.042084168336673278e+00 2.886501179040240617e-01 2.755329787668793351e-06
1.082164328657314600e+00 3.184340835590939167e-01 6.004114739418140389e-07
1.122244488977955923e+00 3.405310341348141145e-01 1.001818723566348735e-07
1.162324649298597246e+00 3.546186917713439191e-01 1.105327320447556742e-08
1.202404809619238346e+00 3.604907626098272089e-01 5.403151983420106280e-10
1.242484969939879669e+00 3.580614685119271057e-01 4.355264552949803879e-13
1.282565130260520991e+00 3.473684634715892283e-01 3.678095335941361488e-12
1.322645290581162314e+00 3.285722511983373839e-01 2.635995827664316847e-14
1.362725450901803637e+00 3.019531585274851659e-01 9.195693347894142448e-15
1.402805611222444737e+00 2.679054721785165682e-01 1.069909765673849295e-12
1.442885771543086060e+00 2.269290273890949838e-01 3.723240756746581431e-12
1.482965931863727382e+00 1.796186191770721141e-01 2.098195952807926154e-12
1.523046092184368705e+00 1.266515287171031956e-01 5.526985347067319593e-13
1.563126252505010028e+00 6.877342485087563351e-02 1.077943499851517435e-11
1.603206412825651128e+00 6.783644456541992711e-03 2.931775871755457936e-11
1.643286573146292451e+00 -5.848075338328671824e-02 3.662073028940417519e-11
1.683366733466933773e+00 -1.261599712626570724e-01 2.255441779208777175e-11
1.723446893787575096e+00 -1.953874634526671927e-01 3.644594379722929096e-12
1.763527054108216419e+00 -2.653033712773277819e-01 8.878533712598895598e-12
1.803607214428857741e+00 -3.350689235911645802e-01 4.946581789138210053e-11
1.843687374749498842e+00 -4.038769590927693276e-01 1.049306610316860000e-10
1.883767535070140164e+00 -4.709635217333447144e-01 1.390962043189247545e-10
1.923847695390781487e+00 -5.356147250618633615e-01 1.297302026126645049e-10
1.963927855711422810e+00 -5.971748887069124878e-01 8.513635523478890850e-11
2.004008016032063910e+00 -6.550496601423924092e-01 3.543599353024257617e-11
2.044088176352705233e+00 -7.087106238407198111e-01 8.791410377925571636e-12
2.084168336673346555e+00 -7.576951739341807324e-01 1.298972296715799277e-11
2.124248496993987878e+00 -8.016080304165592585e-01 3.475902397262184375e-11
2.164328657314629201e+00 -8.401187614277161320e-01 5.350977212754858357e-11
2.204408817635270523e+00 -8.729609877432323861e-01 5.642551174118907382e-11
2.244488977955911846e+00 -8.999286398968521228e-01 4.415997209741260418e-11
2.284569138276553169e+00 -9.208737914260599622e-01 2.598043986611511071e-11
2.324649298597194491e+00 -9.357027025808261067e-01 1.102298324923785425e-11
2.364729458917835370e+00 -9.443732016035601973e-01 2.932709209919857952e-12
2.404809619238476692e+00 -9.468913476441906951e-01 3.066289740349090741e-13
2.444889779559118015e+00 -9.433091140735907487e-01 1.672178148644457157e-13
2.484969939879759337e+00 -9.337221539525417668e-01 5.282120746593137844e-13
2.525050100200400660e+00 -9.182682811254210264e-01 6.192948995536397109e-13
2.565130260521041983e+00 -8.971264185698608618e-01 3.855114090562075463e-13
2.605210420841683305e+00 -8.705160534546088069e-01 1.450233931408353407e-12
2.645290581162324628e+00 -8.386970818968630947e-01 9.612973210743119896e-12
2.685370741482965951e+00 -8.019700744454301145e-01 3.641640231642835255e-11
2.725450901803607273e+00 -7.606764479009109348e-01 9.689074290787587100e-11
2.765531062124248596e+00 -7.151990875355639377e-01 2.028788231280505062e-10
2.805611222444889474e+00 -6.659620965319055230e-01 3.546865860471382561e-10
2.845691382765530797e+00 -6.134311311075079098e-01 5.355731875801960134e-10
2.885771543086172120e+00 -5.581119272452170765e-01 7.125128769631310385e-10
2.925851703406813442e+00 -5.005496413327750194e-01 8.432282253334400676e-10
2.965931863727454765e+00 -4.413254471900721621e-01 8.863911107704092000e-10
3.006012024048096087e+00 -3.810542499344118927e-01 8.113355644980955540e-10
3.046092184368737410e+00 -3.203790162087641336e-01 6.074710968383353852e-10
3.086172344689378733e+00 -2.599666210911867337e-01 3.037696969041589779e-10
3.126252505010020055e+00 -2.004983304429959756e-01 2.938278159520999362e-11
3.166332665330661378e+00 -1.426638234069196598e-01 1.963202342094943143e-10
3.206412825651302256e+00 -8.715241489290415089e-02 1.996266601472433112e-09
3.246492985971943579e+00 -3.464296518761425525e-02 8.665095001241607042e-09
3.286573146292584902e+00 1.420824954558477272e-02 2.853657569722879087e-08
3.326653306613226224e+00 5.877687130432641960e-02 8.206506189620848749e-08
3.366733466933867547e+00 9.848182482492584544e-02 2.172658881554660406e-07
3.406813627254508869e+00 1.327958012999941040e-01 5.421765653239640381e-07
3.446893787575150192e+00 1.612574138458091610e-01 1.290390813618122280e-06
3.486973947895791515e+00 1.834781354394806607e-01 2.947825931330143489e-06
3.527054108216432837e+00 1.991527436327582834e-01 6.488997295965168711e-06
3.567134268537074160e+00 2.080654081066768135e-01 1.380049933581834317e-05
3.607214428857715482e+00 2.100952000291227972e-01 2.841271018080678275e-05
3.647294589178356361e+00 2.052193132925768382e-01 5.671813648996639818e-05
3.687374749498997684e+00 1.935144607548701379e-01 1.099270129476193964e-04
3.727454909819639006e+00 1.751560551291470591e-01 2.070915220611972913e-04
3.767535070140280329e+00 1.504153236790155002e-01 3.796072638621858573e-04
3.807615230460921651e+00 1.196542996474735943e-01 6.776513823963026999e-04
3.847695390781562974e+00 8.331906506955930047e-02 1.179008028088904952e-03
3.887775551102204297e+00 4.193097630232590217e-02 2.000611920472966741e-03
3.927855711422845619e+00 -3.923055925893532796e-03 3.312875142160057879e-03
3.967935871743486942e+00 -5.360216449003032957e-02 5.356353871879341623e-03
4.008016032064127820e+00 -1.064229488765701948e-01 8.459630891385322427e-03
4.048096192384769587e+00 -1.616725984998032550e-01 1.305624105747556045e-02
4.088176352705410466e+00 -2.186206193667492859e-01 1.969749115935958209e-02
4.128256513026052232e+00 -2.765320509509678892e-01 2.905665323566394495e-02
4.168336673346693111e+00 -3.346781869285849753e-01 4.191948646820758267e-02
4.208416833667334878e+00 -3.923485553138780224e-01 5.915520951453013404e-02
4.248496993987975756e+00 -4.488596145078583843e-01 8.166338413848546474e-02
4.288577154308616635e+00 -5.035644687817055765e-01 1.102931976747833220e-01
4.328657314629258401e+00 -5.558589456077063229e-01 1.457360977144581404e-01
4.368737474949899280e+00 -6.051884511415999146e-01 1.883963529266638459e-01
4.408817635270541047e+00 -6.510513047187374003e-01 2.382511222134204021e-01
4.448897795591181925e+00 -6.930026128519306550e-01 2.947164158525395483e-01
4.488977955911823692e+00 -7.306551620904800926e-01 3.565410843052109202e-01
4.529058116232464570e+00 -7.636806186567047794e-01 4.217528023924653757e-01
4.569138276553106337e+00 -7.918085890698995932e-01 4.876786819702542131e-01
4.609218436873747216e+00 -8.148257710810787868e-01 5.510572539271870740e-01
4.649298597194388982e+00 -8.325739292798988167e-01 6.082470115144194001e-01
4.689378757515029861e+00 -8.449478098417008143e-01 6.555224612596941558e-01
4.729458917835670739e+00 -8.518927397719484595e-01 6.894317224977168923e-01
4.769539078156312506e+00 -8.534021305773923372e-01 7.071743668337299171e-01
4.809619238476953385e+00 -8.495152609460349113e-01 7.069484868230476726e-01
4.849699398797595151e+00 -8.403150338679228337e-01 6.882120463412688682e-01
4.889779559118236030e+00 -8.259262784540420954e-01 6.518123872642670458e-01
4.929859719438877796e+00 -8.065141570852616404e-01 5.999530000436467114e-01
4.969939879759518675e+00 -7.822830511752719707e-01 5.359920376454870850e-01
5.010020040080160442e+00 -7.534757057655335766e-01 4.640949331489817031e-01
5.050100200400801320e+00 -7.203724960287890555e-01 3.887870973810121922e-01
5.090180360721443087e+00 -6.832911017265655973e-01 3.144745003343013545e-01
5.130260521042083965e+00 -6.425857340670868556e-01 2.450001621620684633e-01
5.170340681362724844e+00 -5.986468996321758773e-01 1.833048298186741309e-01
5.210420841683366611e+00 -5.519000395370516898e-01 1.312318497878807444e-01
5.250501002004007489e+00 -5.028048080670360909e-01 8.949777742176141804e-02
5.290581162324649256e+00 -4.518525632694529448e-01 5.781195824383700277e-02
5.330661322645290134e+00 -3.995645711739926331e-01 3.511080203230580038e-02
5.370741482965931901e+00 -3.464878977431473106e-01 1.985069038488649837e-02
5.410821643286572780e+00 -2.931920600496818463e-01 1.030462818317557337e-02
5.450901803607214546e+00 -2.402630938001409644e-01 4.813314079218245639e-03
5.490981963927855425e+00 -1.882983952241034376e-01 1.959995033896326250e-03
5.531062124248497192e+00 -1.378990463571944103e-01 6.585189628496882983e-04
5.571142284569138070e+00 -8.966289503436658537e-02 1.630954878525224950e-04
5.611222444889778949e+00 -4.417556387668553769e-02 2.169006964879895290e-05
5.651302605210420715e+00 -2.002155677519471336e-03 9.742488691386511463e-08
5.691382765531061594e+00 3.632231363345074515e-02 1.839618966287145346e-06
5.731462925851703361e+00 7.030185873611212444e-02 1.543926705502197728e-06
5.771543086172344239e+00 9.948873303288147119e-02 1.032120114173379621e-07
5.811623246492986006e+00 1.234920170810618056e-01 1.451603064640522608e-06
5.851703406813626884e+00 1.419854641691752350e-01 5.338145708487599573e-06
5.891783567134268651e+00 1.547146190924740816e-01 8.631076989154418873e-06
5.931863727454909530e+00 1.615023591537916026e-01 8.797597938501973948e-06
5.971943887775551296e+00 1.622535145923824362e-01 5.887762927349391421e-06
6.012024048096192175e+00 1.569573756051405311e-01 2.138809978293564836e-06
6.052104208416833053e+00 1.456890498660591560e-01 1.531304535214634437e-07
6.092184368737474820e+00 1.286085515098868703e-01 1.165513436969637931e-06
6.132264529058115698e+00 1.059585360046573083e-01 4.435867651137685872e-06
6.172344689378757465e+00 7.806001121303655921e-02 7.909664545444250442e-06
6.212424849699398344e+00 4.530656977662866902e-02 9.547177642219553315e-06
6.252505010020040110e+00 8.157192987892603400e-03 8.475657931716118056e-06
6.292585170340680989e+00 -3.287242704904425744e-02 5.371046429721819964e-06
6.332665330661322756e+00 -7.721915912069975130e-02 1.981352889164452600e-06
6.372745490981963634e+00 -1.242830476456996819e-01 1.560010688586420668e-07
6.412825651302604513e+00 -1.734376008294135629e-01 9.357450024036182665e-07
6.452905811623246279e+00 -2.240411450951533268e-01 4.133661126734689836e-06
6.492985971943887158e+00 -2.754470137108548378e-01 8.533300704436729459e-06
6.533066132264528925e+00 -3.270144121278140137e-01 1.251740987428170858e-05
6.573146292585169803e+00 -3.781175080719251791e-01 1.477360232031650936e-05
6.613226452905811570e+00 -4.281547373542945456e-01 1.475554658419469900e-05
6.653306613226452448e+00 -4.765560566200033876e-01 1.274832226220492528e-05
6.693386773547094215e+00 -5.227899298799438821e-01 9.592659020239010327e-06
6.733466933867735094e+00 -5.663683506163074144e-01 6.259929099905226420e-06
6.773547094188376860e+00 -6.068511538367296065e-01 3.487272008424912539e-06
6.813627254509017739e+00 -6.438487630326449329e-01 1.605685261773235984e-06
6.853707414829658617e+00 -6.770239126874164626e-01 5.737469874248625032e-07
6.893787575150300384e+00 -7.060923674536054850e-01 1.388016057360084983e-07
6.933867735470941263e+00 -7.308225037187744411e-01 1.559553800232041810e-08
6.973947895791583029e+00 -7.510344761074512210e-01 1.266297547349826957e-09
7.014028056112223908e+00 -7.665983299578614796e-01 2.617054243306115220e-09
7.054108216432865675e+00 -7.774322110555619281e-01 1.597707521989784383e-09
7.094188376753506553e+00 -7.834997542260687675e-01 4.874023410927152192e-09
7.134268537074148320e+00 -7.848079289365641475e-01 1.267312483216356863e-08
7.174348697394789198e+00 -7.814043811577169318e-01 1.615630787168193802e-08
7.214428857715430965e+00 -7.733753930144723343e-01 1.061503303024814049e-08
7.254509018036071843e+00 -7.608436732333041519e-01 5.314748552147863825e-09
7.294589178356712722e+00 -7.439667146021774480e-01 1.924001942500450372e-08
7.334669338677354489e+00 -7.229352753184141722e-01 6.593443224817515319e-08
7.374749498997995367e+00 -6.979721855822698107e-01 1.396307808886108142e-07
7.414829659318637134e+00 -6.693314872940674398e-01 2.137248314300730500e-07
7.454909819639278012e+00 -6.372975160802455408e-01 2.538192319487796521e-07
7.494989979959919779e+00 -6.021844184594271621e-01 2.375300245291701137e-07
7.535070140280560658e+00 -5.643351602504754760e-01 1.690833817165675181e-07
7.575150300601202424e+00 -5.241209599482036241e-01 7.995534822281725320e-08
7.615230460921843303e+00 -4.819397822693201605e-01 1.529761849264418876e-08
7.655310621242485070e+00 -4.382151439297558571e-01 1.381615740936490544e-08
7.695390781563125948e+00 -3.933936621890731233e-01 9.177289804369203518e-08
7.735470941883766827e+00 -3.479427196493588004e-01 2.387718755998684012e-07
7.775551102204408593e+00 -3.023467550127060255e-01 4.262667250621525212e-07
7.815631262525049472e+00 -2.571034178766464229e-01 6.234872549269879586e-07
7.855711422845691239e+00 -2.127184906908413109e-01 8.131709632286710703e-07
7.895791583166332117e+00 -1.697004182297908170e-01 1.001783238998528662e-06
7.935871743486973884e+00 -1.285539865527739467e-01 1.224498557951202164e-06
7.975951903807614762e+00 -8.977343734834473954e-02 1.551045966284441009e-06
8.016032064128255641e+00 -5.383528813022159243e-02 2.102615318866621299e-06
8.056112224448897408e+00 -2.119055466371691510e-02 3.091750285236429510e-06
8.096192384769539174e+00 7.742664194129088469e-03 4.898036762494960842e-06
8.136272545090179165e+00 3.258707990291022372e-02 8.194809726011589743e-06
8.176352705410820931e+00 5.301307877459317253e-02 1.414843198982897826e-05
8.216432865731462698e+00 6.874580938480585879e-02 2.472392820436703628e-05
8.256513026052104465e+00 7.957066418358778315e-02 4.314852753353349283e-05
8.296593186372744455e+00 8.533863593728675812e-02 7.460955282792574748e-05
8.336673346693386222e+00 8.596967272837086060e-02 1.272903339820767045e-04
8.376753507014027988e+00 8.145552974570396954e-02 2.138805245929132498e-04
8.416833667334669755e+00 7.186047129381795129e-02 3.537232985732410699e-04
8.456913827655309746e+00 5.732113322240677683e-02 5.757841591910320758e-04
8.496993987975951512e+00 3.804435992429840846e-02 9.226245012125296316e-04
8.537074148296593279e+00 1.430397527627365328e-02 1.455530996053475828e-03
8.577154308617233269e+00 -1.356409783046189435e-02 2.260876527753435776e-03
8.617234468937875036e+00 -4.516784792525848496e-02 3.457632544280252358e-03
8.657314629258516803e+00 -8.006628257805167848e-02 5.205756586665830250e-03
8.697394789579158569e+00 -1.177775396678541198e-01 7.714833465794895644e-03
8.737474949899798560e+00 -1.577874652554614732e-01 1.125203249855861662e-02
8.777555110220440326e+00 -1.995588810104283184e-01 1.614791458809643546e-02
8.817635270541082093e+00 -2.425407294676420744e-01 2.279831033501707876e-02
8.857715430861723860e+00 -2.861774399091078780e-01 3.165995786925487887e-02
8.897795591182363850e+00 -3.299177306650315500e-01 4.323759003437790266e-02
8.937875751503005617e+00 -3.732230751110500733e-01 5.806004889674554192e-02
8.977955911823647384e+00 -4.155753658200450062e-01 7.664377437140200422e-02
9.018036072144287374e+00 -4.564837056630324241e-01 9.944287146507804764e-02
9.058116232464929141e+00 -4.954903512854858527e-01 1.267868377531964075e-01
9.098196392785570907e+00 -5.321753744987375301e-01 1.588090702938749765e-01
9.138276553106212674e+00 -5.661605898013654103e-01 1.953720086665747258e-01
9.178356713426852664e+00 -5.971119811949099354e-01 2.359972063123078612e-01
9.218436873747494431e+00 -6.247416214056694672e-01 2.798110161967646836e-01
9.258517034068136198e+00 -6.488080816312521426e-01 3.255173426953257287e-01
9.298597194388777964e+00 -6.691166145795843789e-01 3.714091356140495348e-01
9.338677354709417955e+00 -6.855180088203275401e-01 4.154268454409059674e-01
9.378757515030059722e+00 -6.979074923934173169e-01 4.552690015312738647e-01
9.418837675350701488e+00 -7.062226267709994509e-01 4.885513829116645557e-01
9.458917835671341479e+00 -7.104414689908358227e-01 5.130062044217555961e-01
9.498997995991983245e+00 -7.105801120512293956e-01 5.267013999496972243e-01
9.539078156312625012e+00 -7.066906176254081906e-01 5.282571706847305482e-01
9.579158316633266779e+00 -6.988587104990883203e-01 5.170290937385606522e-01
9.619238476953906769e+00 -6.872018758498716906e-01 4.932310535960559572e-01
9.659318637274548536e+00 -6.718675326313041651e-01 4.579730134461494906e-01
9.699398797595190302e+00 -6.530315086443437833e-01 4.132006799915658446e-01
9.739478957915832069e+00 -6.308967901092059627e-01 3.615363949867001492e-01
9.779559118236472059e+00 -6.056923826852829151e-01 3.060353780572179772e-01
9.819639278557113826e+00 -5.776725047061711527e-01 2.498871878597518914e-01
9.859719438877755593e+00 -5.471156537983213886e-01 1.960999291885133222e-01
9.899799599198395583e+00 -5.143239201968454744e-01 1.472126299106334413e-01
9.939879759519037350e+00 -4.796219432408899142e-01 1.050743314200890677e-01
9.979959919839679117e+00 -4.433559044897500967e-01 7.072178569001434656e-02
1.002004008016032088e+01 -4.058919984778836532e-01 4.436842514566100015e-02
1.006012024048096087e+01 -3.676146514118757147e-01 2.550088648719733495e-02
1.010020040080160264e+01 -3.289241541954594505e-01 1.305984843108788131e-02
1.014028056112224441e+01 -2.902337461265039331e-01 5.669579325892247328e-03
1.018036072144288617e+01 -2.519661732473225668e-01 1.874125279461339409e-03
1.022044088176352616e+01 -2.145494563582531489e-01 3.406928281577916622e-04
1.026052104208416793e+01 -1.784123284666926101e-01 9.160690864263044724e-07
1.030060120240480970e+01 -1.439787481222828680e-01 1.160754548025844031e-04
1.034068136272544969e+01 -1.116624014679214322e-01 2.692053440725574549e-04
1.038076152304609145e+01 -8.186028606607076430e-02 3.015005226342287650e-04
1.042084168336673322e+01 -5.494669366725029452e-02 2.193268912018362261e-04
1.046092184368737499e+01 -3.126642910456083752e-02 9.969620456031793275e-05
1.050100200400801498e+01 -1.112887491566787353e-02 1.691976350870773622e-05
1.054108216432865675e+01 5.198422365012826674e-03 2.867112284368434479e-06
1.058116232464929851e+01 1.749490405957902783e-02 4.166683258887692200e-05
1.062124248496994028e+01 2.559225486846961398e-02 8.958195658744815058e-05
1.066132264529058027e+01 2.937807900485653323e-02 1.052179310359755213e-04
1.070140280561122204e+01 2.879927765916699342e-02 7.500250946704923411e-05
1.074148296593186380e+01 2.386368291831888339e-02 2.346508310032851847e-05
1.078156312625250379e+01 1.464103443175302464e-02 5.216399216751983416e-06
1.082164328657314556e+01 1.262230899096649598e-03 8.295087059054278211e-05
1.086172344689378733e+01 -1.608232118746725711e-02 3.008016266473900204e-04
1.090180360721442909e+01 -3.714588738566510645e-02 6.635428658377368321e-04
1.094188376753506908e+01 -6.162956581506277148e-02 1.129452941581192329e-03
1.098196392785571085e+01 -8.918763985675251527e-02 1.619261568551807291e-03
1.102204408817635262e+01 -1.194337933656779843e-01 2.037895499574737552e-03
1.106212424849699438e+01 -1.519481062968898177e-01 2.301311993482505359e-03
1.110220440881763437e+01 -1.862846054023511722e-01 2.359520044184743037e-03
1.114228456913827614e+01 -2.219791787002640959e-01 2.208599677128569687e-03
1.118236472945891791e+01 -2.585576006324942222e-01 1.888753163773027001e-03
1.122244488977955790e+01 -2.955435519237862851e-01 1.470137421638810287e-03
1.126252505010019966e+01 -3.324662568875685897e-01 1.032046054916323230e-03
1.130260521042084143e+01 -3.688678276492230457e-01 6.424376470125988140e-04
1.134268537074148320e+01 -4.043097781134724067e-01 3.439034182511338717e-04
1.138276553106212319e+01 -4.383790564657266131e-01 1.491578009218766127e-04
1.142284569138276495e+01 -4.706929236767217195e-01 4.571526235224542255e-05
1.146292585170340672e+01 -5.009032636951591400e-01 6.437177050393564052e-06
1.150300601202404849e+01 -5.286995888297091328e-01 1.420179830149741735e-06
1.154308617234468848e+01 -5.538114792225413696e-01 7.146592131289238716e-06
1.158316633266533024e+01 -5.760097528831054081e-01 1.066783464068388936e-05
1.162324649298597201e+01 -5.951071390539536266e-01 8.831145159572720532e-06
1.166332665330661200e+01 -6.109578824489211302e-01 4.340280377011700962e-06
1.170340681362725377e+01 -6.234569599281682972e-01 1.141453026355100841e-06
1.174348697394789554e+01 -6.325385449800098314e-01 1.224628159437147213e-06
1.178356713426853730e+01 -6.381742072646565678e-01 3.765050499366256482e-06
1.182364729458917729e+01 -6.403707294207677814e-01 6.271455099517204114e-06
1.186372745490981906e+01 -6.391677729932652152e-01 6.570051232859310810e-06
1.190380761523046083e+01 -6.346355162023545882e-01 4.329513291261611891e-06
1.194388777555110259e+01 -6.268722302391677159e-01 1.333893170421909070e-06
1.198396793587174258e+01 -6.160021077496057318e-01 4.912635356106742580e-07
1.202404809619238435e+01 -6.021730848873387831e-01 4.220007825991674145e-06
1.206412825651302612e+01 -5.855550789799816025e-01 1.309730611958699702e-05
1.210420841683366611e+01 -5.663382367855284150e-01 2.543248706093287898e-05
1.214428857715430787e+01 -5.447316257142658102e-01 3.791434550358765716e-05
1.218436873747494964e+01 -5.209619132335497893e-01 4.696167538851194221e-05
1.222444889779559141e+01 -4.952723907048392493e-01 5.011602182349920412e-05
1.226452905811623140e+01 -4.679219248559383648e-01 4.687108484980777513e-05
1.230460921843687316e+01 -4.391840617594655605e-01 3.864969644039014177e-05
1.234468937875751493e+01 -4.093459722381010413e-01 2.804942987606803270e-05
1.238476953907815670e+01 -3.787073074874054979e-01 1.776904937540065813e-05
1.242484969939879669e+01 -3.475788098326233477e-01 9.702957903607071447e-06
1.246492985971943845e+01 -3.162805889241359636e-01 4.531391944764329429e-06
1.250501002004008022e+01 -2.851400990789985102e-01 1.871793104204370618e-06
1.254509018036072021e+01 -2.544895820871053149e-01 8.051187215222696808e-07
1.258517034068136198e+01 -2.246632205231605950e-01 4.787289766130842907e-07
1.262525050100200374e+01 -1.959936418088620291e-01 5.234122944255981197e-07
1.266533066132264551e+01 -1.688082263465162658e-01 1.168828890982004168e-06
1.270541082164328550e+01 -1.434247644981243575e-01 3.105171460471448963e-06
1.274549098196392727e+01 -1.201470988638270732e-01 7.243719051878729305e-06
1.278557114228456904e+01 -9.926023600206274056e-02 1.454528387575921379e-05
1.282565130260520903e+01 -8.102569499349408788e-02 2.602708916118207585e-05
1.286573146292585079e+01 -6.567655754507020771e-02 4.298482335938595418e-05
1.290581162324649256e+01 -5.341304036362497232e-02 6.741137814572962269e-05
1.294589178356713433e+01 -4.439808113437421905e-02 1.025961118370293342e-04
1.298597194388777432e+01 -3.875371730601093884e-02 1.539202120391371337e-04
1.302605210420841608e+01 -3.655782206180838156e-02 2.299072252344817879e-04
1.306613226452905785e+01 -3.784183795242108961e-02 3.436088702991619680e-04
1.310621242484969962e+01 -4.258918446044960421e-02 5.143847423832246645e-04
1.314629258517033961e+01 -5.073476115405642362e-02 7.701019533096798179e-04
1.318637274549098137e+01 -6.216535524869394591e-02 1.149726201788652197e-03
1.322645290581162314e+01 -7.672111679004141316e-02 1.706261667005944983e-03
1.326653306613226313e+01 -9.419802748740969955e-02 2.509982489668016216e-03
1.330661322645290490e+01 -1.143512934647051699e-01 3.651911409050728925e-03
1.334669338677354666e+01 -1.368996501701403024e-01 5.247472031571318030e-03
1.338677354709418843e+01 -1.615303526456406957e-01 7.440168621208021263e-03
1.342685370741482842e+01 -1.879048395588893416e-01 1.040498672371903757e-02
1.346693386773547019e+01 -2.156647782075943598e-01 1.435096314275926578e-02
1.350701402805611195e+01 -2.444384364333504200e-01 1.952209441917722443e-02
1.354709418837675372e+01 -2.738471037468257485e-01 2.619540318116659119e-02
1.358717434869739371e+01 -3.035114537667158441e-01 3.467482951987913703e-02
1.362725450901803548e+01 -3.330576392630883453e-01 4.527938705766583471e-02
1.366733466933867724e+01 -3.621229801028528761e-01 5.832442276298904771e-02
1.370741482965931723e+01 -3.903611214195601975e-01 7.409500141834887699e-02
1.374749498997995900e+01 -4.174465391056441654e-01 9.281172945599588942e-02
1.378757515030060077e+01 -4.430783361302444434e-01 1.145900395373961878e-01
1.382765531062124253e+01 -4.669832846130160253e-01 1.393959814894458749e-01
1.386773547094188253e+01 -4.889180760445436258e-01 1.670024776945485956e-01
1.390781563126252429e+01 -5.086708680590760201e-01 1.969518439117925734e-01
1.394789579158316606e+01 -5.260620506750767200e-01 2.285307513550486891e-01
1.398797595190380783e+01 -5.409444872839256346e-01 2.607641540355074561e-01
1.402805611222444782e+01 -5.532030633631088712e-01 2.924337972188706392e-01
1.406813627254508958e+01 -5.627539646360656400e-01 3.221249036918237274e-01
1.410821643286573135e+01 -5.695434017384946035e-01 3.483022477121050509e-01
1.414829659318637134e+01 -5.735463318176937664e-01 3.694127635336107440e-01
1.418837675350701311e+01 -5.747647865267019318e-01 3.840086178510383474e-01
1.422845691382765487e+01 -5.732264163142836155e-01 3.908802558884445499e-01
1.426853707414829664e+01 -5.689827943751692985e-01 3.891863105069705564e-01
1.430861723446893663e+01 -5.621080669197799917e-01 3.785649982140092962e-01
1.434869739478957840e+01 -5.526974819309546927e-01 3.592114535993709001e-01
1.438877755511022016e+01 -5.408662952548507485e-01 3.319074892450354364e-01
1.442885771543086193e+01 -5.267486185990116754e-01 2.979940079137360365e-01
1.446893787575150192e+01 -5.104965880418208535e-01 2.592828864708468517e-01
1.450901803607214369e+01 -4.922794781020458643e-01 2.179125033725494709e-01
1.454909819639278545e+01 -4.722830158727099881e-01 1.761594378242635484e-01
1.458917835671342544e+01 -4.507085939950952191e-01 1.362267566972246158e-01
1.462925851703406721e+01 -4.277725311034354938e-01 1.000340157054618734e-01
1.466933867735470898e+01 -4.037051525422073461e-01 6.903756325662017967e-02
1.470941883767535074e+01 -3.787497659341746981e-01 4.410577050521630876e-02
1.474949899799599073e+01 -3.531613700052246285e-01 2.546935900132645675e-02
1.478957915831663250e+01 -3.272051333740782497e-01 1.275409189696484480e-02
1.482965931863727427e+01 -3.011545355019437098e-01 5.092560435810768865e-03
1.486973947895791603e+01 -2.752892013056917331e-01 1.296579943870082097e-03
1.490981963927855602e+01 -2.498923647115642854e-01 6.272202875689893479e-05
1.494989979959919779e+01 -2.252480114383062504e-01 1.761022350304469026e-04
1.498997995991983956e+01 -2.016376719039408016e-01 6.784890969193935195e-04
1.503006012024047955e+01 -1.793369467094129699e-01 9.730322469398476701e-04
1.507014028056112132e+01 -1.586117660920945416e-01 8.503824290763969214e-04
1.511022044088176308e+01 -1.397145017972293013e-01 4.364394931075461694e-04
1.515030060120240485e+01 -1.228799570065061547e-01 7.762934297665418282e-05
1.519038076152304484e+01 -1.083213863531636845e-01 1.918747998675312313e-04
1.523046092184368661e+01 -9.622658384404206289e-02 1.119772493815894858e-03
1.527054108216432837e+01 -8.675422013427341872e-02 3.009106776164297004e-03
1.531062124248497014e+01 -8.003045738524960928e-02 5.757177816903124613e-03
1.535070140280561013e+01 -7.614605058722014042e-02 9.021430768327825395e-03
1.539078156312625190e+01 -7.515392283919040961e-02 1.229252086768918735e-02
1.543086172344689366e+01 -7.706745015896168671e-02 1.500964207794900501e-02
1.547094188376753365e+01 -8.185937043854406292e-02 1.668843407890380562e-02
1.551102204408817542e+01 -8.946157467715082356e-02 1.702992294852485530e-02
1.555110220440881719e+01 -9.976559750028111961e-02 1.598461714222735794e-02
1.559118236472945895e+01 -1.126240802430299587e-01 1.375784694115134155e-02
1.563126252505009894e+01 -1.278529125116893983e-01 1.075722540602283561e-02
1.567134268537074071e+01 -1.452343335084868570e-01 7.497493367636366701e-03
1.571142284569138248e+01 -1.645205863291522574e-01 4.487276444425120081e-03
1.575150300601202424e+01 -1.854384124717901594e-01 2.125932729593360635e-03
1.579158316633266423e+01 -2.076938753331513121e-01 6.337013071199350299e-04
1.583166332665330600e+01 -2.309778132559172081e-01 2.919147922035932361e-05
1.587174348697394777e+01 -2.549713210956154330e-01 1.547318375703143943e-04
1.591182364729458776e+01 -2.793515927745872096e-01 7.385787619054027435e-04
1.595190380761522952e+01 -3.037974516392364377e-01 1.474489138118657405e-03
1.599198396793587129e+01 -3.279949602654512186e-01 2.096975021907040038e-03
1.603206412825651128e+01 -3.516423835059478975e-01 2.434212708481601345e-03
1.607214428857715305e+01 -3.744549841706290016e-01 2.428665286476389476e-03
1.611222444889779482e+01 -3.961688936878364764e-01 2.125344330492724698e-03
1.615230460921843658e+01 -4.165446435482351162e-01 1.636437256419086403e-03
1.619238476953907835e+01 -4.353695954935890011e-01 1.095900927348324345e-03
1.623246492985972012e+01 -4.524599592627659983e-01 6.184601234878218945e-04
1.627254509018035833e+01 -4.676616674680456609e-01 2.733723734088080223e-04
1.631262525050100010e+01 -4.808508648857403034e-01 7.745203809041203969e-05
1.635270541082164186e+01 -4.919333594737240745e-01 5.039182194008107337e-06
1.639278557114228363e+01 -5.008437954805738945e-01 8.072502005661098809e-06
1.643286573146292540e+01 -5.075440204112394715e-01 3.757631397022467737e-05
1.647294589178356716e+01 -5.120213350106939121e-01 5.930738033167264983e-05
1.651302605210420893e+01 -5.142862424316070324e-01 5.980210584851030985e-05
1.655310621242485070e+01 -5.143702659681368416e-01 4.319244276487288410e-05
1.659318637274548891e+01 -5.123235760723028331e-01 2.236263677964298916e-05
1.663326653306613068e+01 -5.082128570713886351e-01 9.304853498603849927e-06
1.667334669338677244e+01 -5.021192372987549613e-01 8.785431366920332902e-06
1.671342685370741421e+01 -4.941365796638994001e-01 1.723186621852047738e-05
1.675350701402805598e+01 -4.843699869099013511e-01 2.621230460001670043e-05
1.679358717434869774e+01 -4.729347157977970006e-01 2.801915923705190322e-05
1.683366733466933951e+01 -4.599553312155906792e-01 2.034260424629325911e-05
1.687374749498997772e+01 -4.455652414651750104e-01 7.849983453826622231e-06
1.691382765531061949e+01 -4.299063781899990500e-01 1.429846695627464786e-07
1.695390781563126126e+01 -4.131291666105270100e-01 7.252269172926867904e-06
1.699398797595190302e+01 -3.953924567946346946e-01 3.484279363246918016e-05
1.703406813627254479e+01 -3.768636168330325442e-01 8.127419170270993470e-05
1.707414829659318656e+01 -3.577183657428374963e-01 1.377124879678668637e-04
1.711422845691382832e+01 -3.381406334357087151e-01 1.911363605030042467e-04
1.715430861723446654e+01 -3.183219583344601977e-01 2.288653417118436881e-04
1.719438877755510831e+01 -2.984608001207871286e-01 2.427589412173618982e-04
1.723446893787575007e+01 -2.787612577221460497e-01 2.314930478323516737e-04
1.727454909819639184e+01 -2.594316353391961649e-01 2.002567236864523457e-04
1.731462925851703361e+01 -2.406823844281442415e-01 1.582838877723593174e-04
1.735470941883767537e+01 -2.227238831051697732e-01 1.154215705706200122e-04
1.739478957915831714e+01 -2.057636755901199044e-01 7.917583360336808253e-05
1.743486973947895891e+01 -1.900035965940389260e-01 5.326817993943386927e-05
1.747494989979959712e+01 -1.756365373050555456e-01 3.802518270035227941e-05
1.751503006012023889e+01 -1.628431998690191007e-01 3.214784551265267176e-05
1.755511022044088065e+01 -1.517887305825738331e-01 3.497310712813782096e-05
1.759519038076152242e+01 -1.426194963589773324e-01 4.831522797524994572e-05
1.763527054108216419e+01 -1.354599812666023029e-01 7.734439486763760772e-05
1.767535070140280595e+01 -1.304100142061618006e-01 1.304842286844576751e-04
1.771543086172344772e+01 -1.275423211177611482e-01 2.187697631117557578e-04
1.775551102204408593e+01 -1.269005995137635623e-01 3.553140193542676665e-04
1.779559118236472770e+01 -1.284980546853113914e-01 5.554880997821784287e-04
1.783567134268536947e+01 -1.323166226619476027e-01 8.381633634386259331e-04
1.787575150300601123e+01 -1.383067059085696104e-01 1.228104286698509812e-03
1.791583166332665300e+01 -1.463877081971565186e-01 1.759361747139987983e-03
1.795591182364729477e+01 -1.564490415172496707e-01 2.479409524509132434e-03
1.799599198396793653e+01 -1.683519757097154956e-01 3.453698856723778562e-03
1.803607214428857475e+01 -1.819318346215118010e-01 4.770170407656511638e-03
1.807615230460921651e+01 -1.970010031891934466e-01 6.543174776723181992e-03
1.811623246492985828e+01 -2.133520884248107929e-01 8.915911843271119921e-03
1.815631262525050005e+01 -2.307617884340307790e-01 1.206053661070055280e-02
1.819639278557114181e+01 -2.489946814802292685e-01 1.617486973428421126e-02
1.823647294589178358e+01 -2.678075627017009741e-01 2.147519548158174571e-02
1.827655310621242535e+01 -2.869534568885558357e-01 2.818486034393188205e-02
1.831663326653306711e+01 -3.061859813617661685e-01 3.651927223267167205e-02
1.835671342685370533e+01 -3.252631642399446688e-01 4.666824241543605922e-02
1.839679358717434710e+01 -3.439514015124257584e-01 5.877712024337895802e-02
1.843687374749498886e+01 -3.620287049540776847e-01 7.292808557190927354e-02
1.847695390781563063e+01 -3.792878864691119900e-01 8.912277510903769684e-02
1.851703406813627240e+01 -3.955389530005544718e-01 1.072669568064477802e-01
1.855711422845691416e+01 -4.106112669951116345e-01 1.271576689116219738e-01
1.859719438877755593e+01 -4.243549312069399559e-01 1.484730050599170903e-01
1.863727454909819414e+01 -4.366418288670700365e-01 1.707650945823689370e-01
1.867735470941883591e+01 -4.473659850048886111e-01 1.934571836345206353e-01
1.871743486973947768e+01 -4.564435530859142776e-01 2.158467235148050500e-01
1.875751503006011944e+01 -4.638122860545605963e-01 2.371168497748472603e-01
1.879759519038076121e+01 -4.694306796743014654e-01 2.563593131192306585e-01
1.883767535070140298e+01 -4.732768078046762361e-01 2.726113579010660537e-01
1.887775551102204474e+01 -4.753469360771820362e-01 2.849083463587570586e-01
1.891783567134268296e+01 -4.756540465929625650e-01 2.923513170561946595e-01
1.895791583166332472e+01 -4.742262791643955255e-01 2.941866011945302173e-01
1.899799599198396649e+01 -4.711054758367492767e-01 2.898903378240803019e-01
1.903807615230460826e+01 -4.663457803674863067e-01 2.792489983364630501e-01
1.907815631262525002e+01 -4.600124703437694085e-01 2.624234138044364562e-01
1.911823647294589179e+01 -4.521809522970781092e-01 2.399849871609722740e-01
1.915831663326653356e+01 -4.429360308793076628e-01 2.129128969953637818e-01
1.919839679358717532e+01 -4.323713952553837614e-01 1.825464082211527006e-01
1.923847695390781354e+01 -4.205893262000183208e-01 1.504913550027831004e-01
1.927855711422845530e+01 -4.077006093992585622e-01 1.184871945154744449e-01
1.931863727454909707e+01 -3.938245359994981265e-01 8.824813557401205155e-02
1.935871743486973884e+01 -3.790890360130418357e-01 6.129653158572991728e-02
1.939879759519038060e+01 -3.636307198090472093e-01 3.881098290876529300e-02
1.943887775551102237e+01 -3.475949329693600598e-01 2.150971618885266778e-02
1.947895791583166414e+01 -3.311355415613656539e-01 9.587668886565885520e-03
1.951903807615230235e+01 -3.144145905886429615e-01 2.717293105942859052e-03
1.955911823647294412e+01 -2.976015660908324922e-01 1.154108139918408717e-04
1.959919839679358589e+01 -2.808723991141373055e-01 6.677865879480344080e-04
1.963927855711422765e+01 -2.644080337552890958e-01 3.094784007938942202e-03
1.967935871743486942e+01 -2.483926501221094263e-01 6.134482240903918471e-03
1.971943887775551119e+01 -2.330115059584138282e-01 8.716519924139760206e-03
1.975951903807615295e+01 -2.184484228249846671e-01 1.010073461427062405e-02
1.979959919839679117e+01 -2.048830266508986642e-01 9.959630479948399298e-03
1.983967935871743293e+01 -1.924877101727791029e-01 8.392239890319614162e-03
1.987975951903807470e+01 -1.814245419060483699e-01 5.867770521177157438e-03
1.991983967935871647e+01 -1.718420512302561154e-01 3.109024296602142315e-03
1.995991983967935823e+01 -1.638721739900967367e-01 9.357059798054667959e-04
2.000000000000000000e+01 -1.576272793492490554e-01 9.509078597734734665e-05
