# time correlation overlap_with_initial
0.000000000000000000e+00 -1.000000000000000000e+00 1.000000000000000000e+00
4.008016032064128098e-02 -9.968035377403584585e-01 9.857527114815377578e-01
8.016032064128256196e-02 -9.872346822079014483e-01 9.441734759583988446e-01
1.202404809619238429e-01 -9.713553706163889911e-01 8.785993218929029069e-01
1.603206412825651239e-01 -9.492702384283665529e-01 7.941158939198916800e-01
2.004008016032063910e-01 -9.211276367572069912e-01 6.969254241659637028e-01
2.404809619238476859e-01 -8.871219778081792517e-01 5.936203078239630226e-01
2.805611222444889807e-01 -8.474953788888784922e-01 4.904702415951565642e-01
3.206412825651302478e-01 -8.025405989099145820e-01 3.928323777767881997e-01
3.607214428857715149e-01 -7.526026074790889142e-01 3.047494533792755034e-01
4.008016032064127820e-01 -6.980811362647348917e-01 2.287733607858708773e-01
4.408817635270541047e-01 -6.394314239249293541e-01 1.659993689920523929e-01
4.809619238476953718e-01 -5.771653159134657596e-01 1.162715444902906875e-01
5.210420841683366389e-01 -5.118503686959288146e-01 7.849385048863043168e-02
5.611222444889779615e-01 -4.441084887213846977e-01 5.098086299935102039e-02
6.012024048096191731e-01 -3.746126571619364243e-01 3.178811612933151592e-02
6.412825651302604957e-01 -3.040823407663184041e-01 1.898102915789129028e-02
6.813627254509018183e-01 -2.332773516442203099e-01 1.082131947630220539e-02
7.214428857715430299e-01 -1.629896709061161297e-01 5.869521276384051002e-03
7.615230460921843525e-01 -9.403436400575421183e-02 3.015947253584937062e-03
8.016032064128255641e-01 -2.723800089202296423e-02 1.460394223364835150e-03
8.416833667334668867e-01 3.657295007887545468e-02 6.621013095508460110e-04
8.817635270541082093e-01 9.658631871284518999e-02 2.787659393126148228e-04
9.218436873747494209e-01 1.520174214519465217e-01 1.078561526294386885e-04
9.619238476953907435e-01 2.021245283204659293e-01 3.781804485813011204e-05
1.002004008016031955e+00 2.462222670520955448e-01 1.179040755250085915e-05
1.042084168336673278e+00 2.836966120973861138e-01 3.180434939029626540e-06
1.082164328657314600e+00 3.140168982035565493e-01 7.120769864816979821e-07
1.122244488977955923e+00 3.367484378265030998e-01 1.234476153038639520e-07
1.162324649298597246e+00 3.515615593759243152e-01 1.449053221356783360e-08
1.202404809619238346e+00 3.582401277093366643e-01 8.127333995808806044e-10
1.242484969939879669e+00 3.566863275970905134e-01 1.656370797932482856e-12
1.282565130260520991e+00 3.469238391605939942e-01 4.281358080245186943e-12
1.322645290581162314e+00 3.290976378935165370e-01 1.694929446009760408e-13
1.362725450901803637e+00 3.034712906352257655e-01 5.215475362441773766e-14
1.402805611222444737e+00 2.704217434984324542e-01 9.917679000827442370e-13
1.442885771543086060e+00 2.304310266730926482e-01 4.040848679545670219e-12
1.482965931863727382e+00 1.840767170605538960e-01 3.033183668809967468e-12
1.523046092184368705e+00 1.320191170396066149e-01 9.076095857222450472e-13
1.563126252505010028e+00 7.498866965545981922e-02 1.082540407600423142e-11
1.603206412825651128e+00 1.377026165016111310e-02 3.240536351234082708e-11
1.643286573146292451e+00 -5.081077620603307449e-02 4.552001745290241873e-11
1.683366733466933773e+00 -1.179053005736531712e-01 3.504826539365651165e-11
1.723446893787575096e+00 -1.866540766680857555e-01 1.362443411390166471e-11
1.763527054108216419e+00 -2.562034433643383124e-01 1.274326896256795552e-11
1.803607214428857741e+00 -3.257172875737051609e-01 5.121974731343682344e-11
1.843687374749498842e+00 -3.943901812003430263e-01 1.144337980134479868e-10
1.883767535070140164e+00 -4.614565846713967745e-01 1.645078343796449975e-10
1.923847695390781487e+00 -5.262004430064184390e-01 1.706426972164679360e-10
1.963927855711422810e+00 -5.879611495147601952e-01 1.319509482248887970e-10
2.004008016032063910e+00 -6.461392341310189247e-01 7.521037610626711961e-11
2.044088176352705233e+00 -7.001991534265331607e-01 3.278572481122459990e-11
2.084168336673346555e+00 -7.496713427109148453e-01 2.053360743621301796e-11
2.124248496993987878e+00 -7.941523225474904635e-01 3.163648104964940094e-11
2.164328657314629201e+00 -8.333038719391429039e-01 4.714351501730190886e-11
2.204408817635270523e+00 -8.668512353959563210e-01 5.172943082399692285e-11
2.244488977955911846e+00 -8.945804421796440531e-01 4.238572234695383247e-11
2.284569138276553169e+00 -9.163355156811184843e-01 2.613214587001316065e-11
2.324649298597194491e+00 -9.320150181229289732e-01 1.181832663149907109e-11
2.364729458917835370e+00 -9.415691043559355489e-01 3.730098172566709879e-12
2.404809619238476692e+00 -9.449962408208485432e-01 9.001389870097644838e-13
2.444889779559118015e+00 -9.423407433254838983e-01 3.867306500821613205e-13
2.484969939879759337e+00 -9.336903519531306594e-01 3.429146625552801567e-13
2.525050100200400660e+00 -9.191745981125079012e-01 4.682107128725288350e-13
2.565130260521041983e+00 -8.989635725557209023e-01 8.566327730468805071e-13
2.605210420841683305e+00 -8.732671373516459612e-01 1.865514205658104611e-12
2.645290581162324628e+00 -8.423348616483770090e-01 6.205352407254552677e-12
2.685370741482965951e+00 -8.064557828729309596e-01 2.160999996253528098e-11
2.725450901803607273e+00 -7.659591575924927787e-01 6.090611104349073670e-11
2.765531062124248596e+00 -7.212142295519289314e-01 1.375774162381691955e-10
2.805611222444889474e+00 -6.726311948403843610e-01 2.580607621618755226e-10
2.845691382765530797e+00 -6.206602889046503035e-01 4.147262085737503160e-10
2.885771543086172120e+00 -5.657922292124482055e-01 5.835746704943769026e-10
2.925851703406813442e+00 -5.085559139651270044e-01 7.282991128101400838e-10
2.965931863727454765e+00 -4.495176022253463133e-01 8.088079271911711286e-10
3.006012024048096087e+00 -3.892766343625054248e-01 7.906196881631439857e-10
3.046092184368737410e+00 -3.284627632579078527e-01 6.533363846527986570e-10
3.086172344689378733e+00 -2.677303481638130256e-01 4.033069188429685104e-10
3.126252505010020055e+00 -2.077506190689429044e-01 1.106128148403771441e-10
3.166332665330661378e+00 -1.492061342895582843e-01 2.662696462667751997e-11
3.206412825651302256e+00 -9.278262885660659709e-02 9.164803580389439585e-10
3.246492985971943579e+00 -3.915733156673966570e-02 4.932543672127032100e-09
3.286573146292584902e+00 1.100949157039626813e-02 1.777388504306490596e-08
3.326653306613226224e+00 5.708573919351661585e-02 5.375928053613812162e-08
3.366733466933867547e+00 9.847752920592459103e-02 1.471793274579259883e-07
3.406813627254508869e+00 1.346418643974146567e-01 3.766011349045246285e-07
3.446893787575150192e+00 1.650961618747433524e-01 9.146556409171439015e-07
3.486973947895791515e+00 1.894269053215597021e-01 2.125769073487052820e-06
3.527054108216432837e+00 2.073002085822225615e-01 4.750721468626401667e-06
3.567134268537074160e+00 2.184687324814157949e-01 1.024175366327201285e-05
3.607214428857715482e+00 2.227774298755041960e-01 2.134861515819871919e-05
3.647294589178356361e+00 2.201678902771985469e-01 4.310649188579463868e-05
3.687374749498997684e+00 2.106803972905821887e-01 8.444121258605249427e-05
3.727454909819639006e+00 1.944541045443484439e-01 1.606832367815534636e-04
3.767535070140280329e+00 1.717249952285328507e-01 2.973595199928620527e-04
3.807615230460921651e+00 1.428218646503700007e-01 5.356947059513843430e-04
3.847695390781562974e+00 1.081602082330011400e-01 9.402701711979265979e-04
3.887775551102204297e+00 6.823452090261850067e-02 1.609224817765508766e-03
3.927855711422845619e+00 2.360870167551425841e-02 2.687176901407457678e-03
3.967935871743486942e+00 -2.509434166064703278e-02 4.380674492705712367e-03
4.008016032064127820e+00 -7.720472491307447949e-02 6.975349926824411101e-03
4.048096192384769587e+00 -1.320173709868458223e-01 1.085315975872253036e-02
4.088176352705410466e+00 -1.888051528596562667e-01 1.650696976408258174e-02
4.128256513026052232e+00 -2.468306561368818208e-01 2.454877461402437885e-02
4.168336673346693111e+00 -3.053590487633130457e-01 3.570662278198317302e-02
4.208416833667334878e+00 -3.636685371055809468e-01 5.080508038109825264e-02
4.248496993987975756e+00 -4.210617412067689802e-01 7.072377406005314615e-02
4.288577154308616635e+00 -4.768738743488195597e-01 9.633048342792627228e-02
4.328657314629258401e+00 -5.304817402654171676e-01 1.283871260232934686e-01
4.368737474949899280e+00 -5.813091037261512994e-01 1.674319825841784903e-01
4.408817635270541047e+00 -6.288328631167950933e-01 2.136457986313061719e-01
4.448897795591181925e+00 -6.725855515158595255e-01 2.667160967015364537e-01
4.488977955911823692e+00 -7.121586872865127704e-01 3.257186810870129068e-01
4.529058116232464570e+00 -7.472027654352019210e-01 3.890390527456063507e-01
4.569138276553106337e+00 -7.774281707496564220e-01 4.543573335124422852e-01
4.609218436873747216e+00 -8.026033208188831924e-01 5.187150359127998822e-01
4.649298597194388982e+00 -8.225537835949033871e-01 5.786759682712606656e-01
4.689378757515029861e+00 -8.371593784753162959e-01 6.305770473774167106e-01
4.729458917835670739e+00 -8.463522458316967700e-01 6.708540378781766567e-01
4.769539078156312506e+00 -8.501136950690361127e-01 6.964058821135328259e-01
4.809619238476953385e+00 -8.484719307943662248e-01 7.049547578907187084e-01
4.849699398797595151e+00 -8.414992786131146874e-01 6.953465599701530442e-01
4.889779559118236030e+00 -8.293101090395392783e-01 6.677442429685677139e-01
4.929859719438877796e+00 -8.120588143457899699e-01 6.236741670461459774e-01
4.969939879759518675e+00 -7.899382308957185739e-01 5.659086755920368361e-01
5.010020040080160442e+00 -7.631784350827892638e-01 4.981930381644032457e-01
5.050100200400801320e+00 -7.320456978400318171e-01 4.248503678196860478e-01
5.090180360721443087e+00 -6.968418695465573576e-01 3.503218230541418343e-01
5.130260521042083965e+00 -6.579036522574432944e-01 2.787081824162328525e-01
5.170340681362724844e+00 -6.156021075682265309e-01 2.133816702711273938e-01
5.210420841683366611e+00 -5.703418380120384157e-01 1.567203960090341186e-01
5.250501002004007489e+00 -5.225600181606231409e-01 1.099970780542618848e-01
5.290581162324649256e+00 -4.727249755812180099e-01 7.342353502142046073e-02
5.330661322645290134e+00 -4.213341287500873555e-01 4.632642722857049922e-02
5.370741482965931901e+00 -3.689114730043510093e-01 2.740893915083703058e-02
5.410821643286572780e+00 -3.160039164553337665e-01 1.504381473932134630e-02
5.450901803607214546e+00 -2.631773083436723670e-01 7.545641457053180526e-03
5.490981963927855425e+00 -2.110108867505660069e-01 3.382908986409468872e-03
5.531062124248497192e+00 -1.600917181978532555e-01 1.308992041835232252e-03
5.571142284569138070e+00 -1.110072804702497140e-01 4.111366498063943908e-04
5.611222444889778949e+00 -6.433847825471637749e-02 9.230123044536864827e-05
5.651302605210420715e+00 -2.065073544800694744e-02 1.030276009892817590e-05
5.691382765531061594e+00 1.951393695957695865e-02 1.432088897330055470e-07
5.731462925851703361e+00 5.564662984793346256e-02 9.197299369311418602e-07
5.771543086172344239e+00 8.727966939441771099e-02 2.683615111733197005e-07
5.811623246492986006e+00 1.139961210566005911e-01 4.457687484799648786e-07
5.851703406813626884e+00 1.354372035825837650e-01 3.177749712096284774e-06
5.891783567134268651e+00 1.513105170770500940e-01 6.739669273426006600e-06
5.931863727454909530e+00 1.613957806186103461e-01 8.354566861588449441e-06
5.971943887775551296e+00 1.655507366198593067e-01 6.891864836802569600e-06
6.012024048096192175e+00 1.637143762593186169e-01 3.602888405490769224e-06
6.052104208416833053e+00 1.559096903234181708e-01 9.487250576450734673e-07
6.092184368737474820e+00 1.422438155968732409e-01 7.926758420273220862e-07
6.132264529058115698e+00 1.229071692084991868e-01 3.246684966390645740e-06
6.172344689378757465e+00 9.817032649304449632e-02 6.762644030510637312e-06
6.212424849699398344e+00 6.837953514100438002e-02 9.210559689813763347e-06
6.252505010020040110e+00 3.395055810249253403e-02 9.180148587961908146e-06
6.292585170340680989e+00 -4.638961512067541620e-03 6.754921069325743877e-06
6.332665330661322756e+00 -4.685806419701227243e-02 3.406432465153848327e-06
6.372745490981963634e+00 -9.213237995962680893e-02 1.168385011534465140e-06
6.412825651302604513e+00 -1.398541739636617875e-01 1.592792132135717193e-06
6.452905811623246279e+00 -1.893933752668782999e-01 5.024380962636031844e-06
6.492985971943887158e+00 -2.401080320432851245e-01 1.050032373062929336e-05
6.533066132264528925e+00 -2.913552278145122298e-01 1.624206884990021885e-05
6.573146292585169803e+00 -3.425008963811205787e-01 2.043784126026813375e-05
6.613226452905811570e+00 -3.929294951255352109e-01 2.193461017985353371e-05
6.653306613226452448e+00 -4.420523039773085472e-01 2.056177558362896543e-05
6.693386773547094215e+00 -4.893150051202337925e-01 1.702126867654870992e-05
6.733466933867735094e+00 -5.342038709562835219e-01 1.247525861663759265e-05
6.773547094188376860e+00 -5.762507876660276640e-01 8.061480757372284738e-06
6.813627254509017739e+00 -6.150370818725543476e-01 4.543008694946855722e-06
6.853707414829658617e+00 -6.501959354566625437e-01 2.191608321136949894e-06
6.893787575150300384e+00 -6.814139496000894969e-01 8.810033498169474881e-07
6.933867735470941263e+00 -7.084312616448769084e-01 2.865797080289009913e-07
6.973947895791583029e+00 -7.310412333031135468e-01 7.625525764085353026e-08
7.014028056112223908e+00 -7.490888446529263556e-01 1.995604024797850682e-08
7.054108216432865675e+00 -7.624690770916345839e-01 6.735164676953946579e-09
7.094188376753506553e+00 -7.711242924569651214e-01 4.331923478888054460e-09
7.134268537074148320e+00 -7.750419408069502136e-01 8.704668623388658645e-09
7.174348697394789198e+00 -7.742516276183786239e-01 1.523936776421840980e-08
7.214428857715430965e+00 -7.688227151206464827e-01 1.660488056567553212e-08
7.254509018036071843e+00 -7.588616542935041620e-01 1.295276029277748566e-08
7.294589178356712722e+00 -7.445098893607264845e-01 1.697888502526148621e-08
7.334669338677354489e+00 -7.259418178869401217e-01 4.627169921048296819e-08
7.374749498997995367e+00 -7.033631877556019152e-01 1.083263472245395551e-07
7.414829659318637134e+00 -6.770097918572602902e-01 1.901237217970036967e-07
7.454909819639278012e+00 -6.471463086393528519e-01 2.610601031342962659e-07
7.494989979959919779e+00 -6.140655840474515959e-01 2.885289043360499968e-07
7.535070140280560658e+00 -5.780876538849369917e-01 2.570368222020994045e-07
7.575150300601202424e+00 -5.395592575855937545e-01 1.792383233177141577e-07
7.615230460921843303e+00 -4.988526311229614651e-01 9.235086527938245307e-08
7.655310621242485070e+00 -4.563647691951938090e-01 4.190534927788399377e-08
7.695390781563125948e+00 -4.125155192822282380e-01 6.171087134865734063e-08
7.735470941883766827e+00 -3.677460830678727088e-01 1.604154058870237657e-07
7.775551102204408593e+00 -3.225159897589740532e-01 3.207813119216860724e-07
7.815631262525049472e+00 -2.773004112066067561e-01 5.108360366196647475e-07
7.855711422845691239e+00 -2.325857436010803636e-01 7.005419982024760196e-07
7.895791583166332117e+00 -1.888654942101852530e-01 8.761613751032130195e-07
7.935871743486973884e+00 -1.466344351626309161e-01 1.047828579652302363e-06
7.975951903807614762e+00 -1.063830766518476800e-01 1.251531515700806553e-06
8.016032064128255641e+00 -6.859063825292283090e-02 1.552368460641824494e-06
8.056112224448897408e+00 -3.371841309396774594e-02 2.059488523954081729e-06
8.096192384769539174e+00 -2.202082090714340291e-03 2.964344393382495231e-06
8.136272545090179165e+00 2.555545348813928475e-02 4.614662579686514210e-06
8.176352705410820931e+00 4.919166685155346858e-02 7.638877101682078026e-06
8.216432865731462698e+00 6.839131724092699371e-02 1.314238259334885350e-05
8.256513026052104465e+00 8.289309589540705403e-02 2.300891438714622143e-05
8.296593186372744455e+00 9.249539224565281326e-02 4.035841175614254421e-05
8.336673346693386222e+00 9.706115282447810855e-02 7.023649029231038244e-05
8.376753507014027988e+00 9.652166216265460619e-02 1.206391589757666954e-04
8.416833667334669755e+00 9.087893006240087279e-02 2.040073977288779628e-04
8.456913827655309746e+00 8.020684490415601331e-02 3.393559059977847760e-04
8.496993987975951512e+00 6.465068078341584812e-02 5.552210502879879146e-04
8.537074148296593279e+00 4.442529598313097600e-02 8.936149393719183993e-04
8.577154308617233269e+00 1.981170956224332161e-02 1.415142125984377320e-03
8.617234468937875036e+00 -8.847600701830469344e-03 2.205352042512939616e-03
8.657314629258516803e+00 -4.115472255397603640e-02 3.382261003251790018e-03
8.697394789579158569e+00 -7.666347440035009564e-02 5.104737621885905435e-03
8.737474949899798560e+00 -1.148873644437310576e-01 7.581163604452241869e-03
8.777555110220440326e+00 -1.553084630374985675e-01 1.107734806879671387e-02
8.817635270541082093e+00 -1.973863968825584347e-01 1.592231557539095302e-02
8.857715430861723860e+00 -2.405679732118964353e-01 2.251003419582033038e-02
8.897795591182363850e+00 -2.842962164371050648e-01 3.129497233735421130e-02
8.937875751503005617e+00 -3.280197392799216738e-01 4.277895643559518485e-02
8.977955911823647384e+00 -3.712008891717575865e-01 5.748727603836864541e-02
9.018036072144287374e+00 -4.133239643551276932e-01 7.593212217964376287e-02
9.058116232464929141e+00 -4.539017328333042611e-01 9.856308043476294523e-02
9.098196392785570907e+00 -4.924818211639745424e-01 1.257054431662617822e-01
9.138276553106212674e+00 -5.286511588066343803e-01 1.574899760000012805e-01
9.178356713426852664e+00 -5.620401768374155838e-01 1.937795565944504250e-01
9.218436873747494431e+00 -5.923250597463151079e-01 2.341012562050288626e-01
9.258517034068136198e+00 -6.192297228201757431e-01 2.775939225781175468e-01
9.298597194388777964e+00 -6.425260636978433748e-01 3.229826253821547200e-01
9.338677354709417955e+00 -6.620339838623884310e-01 3.685908617051801284e-01
9.378757515030059722e+00 -6.776200737867429380e-01 4.123984937871956746e-01
9.418837675350701488e+00 -6.891961602715264146e-01 4.521498674711797450e-01
9.458917835671341479e+00 -6.967169984317760356e-01 4.855087721876512608e-01
9.498997995991983245e+00 -7.001779351159712617e-01 5.102513294939947652e-01
9.539078156312625012e+00 -6.996122052906773581e-01 5.244781263920385017e-01
9.579158316633266779e+00 -6.950882959827916485e-01 5.268229559034386389e-01
9.619238476953906769e+00 -6.867073609885055996e-01 5.166296943258912311e-01
9.659318637274548536e+00 -6.746007628684190793e-01 4.940710480160253604e-01
9.699398797595190302e+00 -6.589279522808092482e-01 4.601863155267160166e-01
9.739478957915832069e+00 -6.398744858520164502e-01 4.168253729964180310e-01
9.779559118236472059e+00 -6.176505012920391335e-01 3.664985247934434143e-01
9.819639278557113826e+00 -5.924892922264517470e-01 3.121457501546937019e-01
9.859719438877755593e+00 -5.646462901665658674e-01 2.568527257255955321e-01
9.899799599198395583e+00 -5.343980642160601757e-01 2.035501129761399797e-01
9.939879759519037350e+00 -5.020415339844227498e-01 1.547372400146249105e-01
9.979959919839679117e+00 -4.678930933506725287e-01 1.122683511507273912e-01
1.002004008016032088e+01 -4.322876551389846500e-01 7.722983171059709384e-02
1.006012024048096087e+01 -3.955775047463471195e-01 4.992256305861841187e-02
1.010020040080160264e+01 -3.581307405349219986e-01 2.994517293923553911e-02
1.014028056112224441e+01 -3.203294619722360514e-01 1.635837452338375145e-02
1.018036072144288617e+01 -2.825672287830440776e-01 7.896955125560250338e-03
1.022044088176352616e+01 -2.452462810497100243e-01 3.191098706810756042e-03
1.026052104208416793e+01 -2.087737893379112419e-01 9.599192547016168354e-04
1.030060120240480970e+01 -1.735579770310441416e-01 1.496160177201657333e-04
1.034068136272544969e+01 -1.400031514922134013e-01 2.361056961865935951e-06
1.038076152304609145e+01 -1.085048235537852124e-01 5.755964960173625555e-05
1.042084168336673322e+01 -7.944376145854951943e-02 1.005428107584613171e-04
1.046092184368737499e+01 -5.318043999220822132e-02 8.212758520406185337e-05
1.050100200400801498e+01 -3.004860070974797737e-02 3.432971294648561701e-05
1.054108216432865675e+01 -1.034956979606085556e-02 3.098581452848686272e-06
1.058116232464929851e+01 5.654005947581065838e-03 9.890874311817030319e-06
1.062124248496994028e+01 1.774329933244992233e-02 4.342793469553021286e-05
1.066132264529058027e+01 2.574863114671679595e-02 7.384036048326861302e-05
1.070140280561122204e+01 2.955336494257202254e-02 7.622752540820054918e-05
1.074148296593186380e+01 2.909757035415615548e-02 5.036102020442565131e-05
1.078156312625250379e+01 2.438005631490331240e-02 2.730759447170948330e-05
1.082164328657314556e+01 1.545979579298499551e-02 6.036168361089165607e-05
1.086172344689378733e+01 2.455678978868285241e-03 2.043351582912236492e-04
1.090180360721442909e+01 -1.445461210511382252e-02 4.917360924429228872e-04
1.094188376753506908e+01 -3.503727004596756539e-02 9.152782466193736324e-04
1.098196392785571085e+01 -5.900602180943006342e-02 1.423626409595049385e-03
1.102204408817635262e+01 -8.602704034644222120e-02 1.932144972817824999e-03
1.106212424849699438e+01 -1.157247857028542160e-01 2.345202398655620891e-03
1.110220440881763437e+01 -1.476886921808073239e-01 2.582408488359051128e-03
1.114228456913827614e+01 -1.814805493302337480e-01 2.600311779330116181e-03
1.118236472945891791e+01 -2.166422699996140289e-01 2.402760109675432677e-03
1.122244488977955790e+01 -2.527039806123420607e-01 2.037366214444885550e-03
1.126252505010019966e+01 -2.891920573695356822e-01 1.580108419653595934e-03
1.130260521042084143e+01 -3.256370380353670324e-01 1.113733678376436186e-03
1.134268537074148320e+01 -3.615811168858651947e-01 7.070755731254558824e-04
1.138276553106212319e+01 -3.965850722971580589e-01 4.012597471693234294e-04
1.142284569138276495e+01 -4.302345302942084948e-01 2.058781189373330961e-04
1.146292585170340672e+01 -4.621452982801466103e-01 1.045721466359295960e-04
1.150300601202404849e+01 -4.919679200317851886e-01 6.657361312880905036e-05
1.154308617234468848e+01 -5.193910739572388247e-01 5.942184049743026632e-05
1.158316633266533024e+01 -5.441442068237433149e-01 5.860516885209938846e-05
1.162324649298597201e+01 -5.659989458987532140e-01 5.177956834581144696e-05
1.166332665330661200e+01 -5.847698671764668399e-01 3.758799199108535572e-05
1.170340681362725377e+01 -6.003141358945819350e-01 2.101723641575975698e-05
1.174348697394789554e+01 -6.125306943729311726e-01 8.016023746001520794e-06
1.178356713426853730e+01 -6.213585455040425698e-01 1.715020681343233681e-06
1.182364729458917729e+01 -6.267748035103412052e-01 1.345049804844521780e-06
1.186372745490981906e+01 -6.287921459124218293e-01 3.561624877699037076e-06
1.190380761523046083e+01 -6.274562403635269847e-01 4.895023039957973055e-06
1.194388777555110259e+01 -6.228429048188672823e-01 3.828495828028209126e-06
1.198396793587174258e+01 -6.150554031691145562e-01 1.490248042348063981e-06
1.202404809619238435e+01 -6.042217786190499096e-01 8.014646904190823596e-07
1.206412825651302612e+01 -5.904924114994070106e-01 4.700311156756938226e-06
1.210420841683366611e+01 -5.740378469512338322e-01 1.442949972471768163e-05
1.214428857715430787e+01 -5.550468517393161161e-01 2.872495993269247587e-05
1.218436873747494964e+01 -5.337248721053073908e-01 4.421978088345319388e-05
1.222444889779559141e+01 -5.102926413174379006e-01 5.678749256074535490e-05
1.226452905811623140e+01 -4.849852092220516275e-01 6.314197237065020951e-05
1.230460921843687316e+01 -4.580509709063546042e-01 6.198676945127695802e-05
1.234468937875751493e+01 -4.297510389036804934e-01 5.427938111615113653e-05
1.238476953907815670e+01 -4.003584178161567753e-01 4.261599385967922447e-05
1.242484969939879669e+01 -3.701573729137940805e-01 3.011301599960420348e-05
1.246492985971943845e+01 -3.394423934597517456e-01 1.930400566771459900e-05
1.250501002004008022e+01 -3.085171697450397321e-01 1.148541862403234647e-05
1.254509018036072021e+01 -2.776929875704128303e-01 6.668008293856608502e-06
1.258517034068136198e+01 -2.472869702405751657e-01 4.021979749413020792e-06
1.262525050100200374e+01 -2.176196331140540785e-01 2.519552164532179042e-06
1.266533066132264551e+01 -1.890121739203663442e-01 1.473628964284793860e-06
1.270541082164328550e+01 -1.617830784113494791e-01 7.892815412872316938e-07
1.274549098196392727e+01 -1.362444324042318688e-01 9.196334810848270257e-07
1.278557114228456904e+01 -1.126976803299645224e-01 2.651314367791938591e-06
1.282565130260520903e+01 -9.142915435395573831e-02 6.892085245706436694e-06
1.286573146292585079e+01 -7.270530610820941098e-02 1.459533745273283909e-05
1.290581162324649256e+01 -5.676786270876632567e-02 2.687754479822275340e-05
1.294589178356713433e+01 -4.382903519166697626e-02 4.532070955743585126e-05
1.298597194388777432e+01 -3.406687320128011509e-02 7.243321447214108567e-05
1.302605210420841608e+01 -2.762106471094585847e-02 1.122739691246961701e-04
1.306613226452905785e+01 -2.458913323053583261e-02 1.712945787666728559e-04
1.310621242484969962e+01 -2.502345347437856179e-02 2.594933710282558252e-04
1.314629258517033961e+01 -2.892889757828965777e-02 3.919740577013654530e-04
1.318637274549098137e+01 -3.626158957482016748e-02 5.909697704959442814e-04
1.322645290581162314e+01 -4.692845905547146645e-02 8.883341944722035954e-04
1.326653306613226313e+01 -6.078805498708728106e-02 1.328459187702202022e-03
1.330661322645290490e+01 -7.765222643000505021e-02 1.971539673516725481e-03
1.334669338677354666e+01 -9.728904502170183932e-02 2.897103128713620322e-03
1.338677354709418843e+01 -1.194265414856092167e-01 4.207693248016071419e-03
1.342685370741482842e+01 -1.437574926653328311e-01 6.032563565067890383e-03
1.346693386773547019e+01 -1.699448504623808920e-01 8.531122043851899900e-03
1.350701402805611195e+01 -1.976278865308902510e-01 1.189572407642826811e-02
1.354709418837675372e+01 -2.264287101576087646e-01 1.635315389286278592e-02
1.358717434869739371e+01 -2.559590801478182076e-01 2.216393894190082925e-02
1.362725450901803548e+01 -2.858272646037515741e-01 2.961830460785712729e-02
1.366733466933867724e+01 -3.156447589698357925e-01 3.902757824868301889e-02
1.370741482965931723e+01 -3.450327199290783020e-01 5.070962511421268221e-02
1.374749498997995900e+01 -3.736278825700939388e-01 6.496748194310986158e-02
1.378757515030060077e+01 -4.010879045211035998e-01 8.206049412256795350e-02
1.382765531062124253e+01 -4.270959402095755308e-01 1.021687062409711438e-01
1.386773547094188253e+01 -4.513644366145772024e-01 1.253518626230208932e-01
1.390781563126252429e+01 -4.736380629653553775e-01 1.515064501609661718e-01
1.394789579158316606e+01 -4.936957630089859328e-01 1.803249579668827207e-01
1.398797595190380783e+01 -5.113520047497209786e-01 2.112632898104422896e-01
1.402805611222444782e+01 -5.264571629982498502e-01 2.435223873826664609e-01
1.406813627254508958e+01 -5.388972940926860522e-01 2.760502758128282608e-01
1.410821643286573135e+01 -5.485931462428781380e-01 3.075695128411909396e-01
1.414829659318637134e+01 -5.554988362349407849e-01 3.366327785383370075e-01
1.418837675350701311e+01 -5.595999267731417426e-01 3.617066662633472429e-01
1.422845691382765487e+01 -5.609114618114363626e-01 3.812795740400269362e-01
1.426853707414829664e+01 -5.594755933505946022e-01 3.939863593099795502e-01
1.430861723446893663e+01 -5.553594169408186954e-01 3.987382234628201183e-01
1.434869739478957840e+01 -5.486525804310297127e-01 3.948441911039306529e-01
1.438877755511022016e+01 -5.394652695693870070e-01 3.821088952754200796e-01
1.442885771543086193e+01 -5.279261094382818875e-01 3.608922313527270220e-01
1.446893787575150192e+01 -5.141805123023448498e-01 3.321192210944961531e-01
1.450901803607214369e+01 -4.983890238673922002e-01 2.972330946040037114e-01
1.454909819639278545e+01 -4.807260921400219877e-01 2.580915032203355275e-01
1.458917835671342544e+01 -4.613788515691164549e-01 2.168130349307501314e-01
1.462925851703406721e+01 -4.405462317726512866e-01 1.755890031812227803e-01
1.466933867735470898e+01 -4.184380408421972675e-01 1.364817553863612865e-01
1.470941883767535074e+01 -3.952742285933184552e-01 1.012343025682521380e-01
1.474949899799599073e+01 -3.712840437565412821e-01 7.111699005256669204e-02
1.478957915831663250e+01 -3.467052101129880493e-01 4.683227850651466850e-02
1.482965931863727427e+01 -3.217828993344910571e-01 2.849230338201133583e-02
1.486973947895791603e+01 -2.967685738351323321e-01 1.567189136294422358e-02
1.490981963927855602e+01 -2.719185381006771207e-01 7.529183541754223136e-03
1.494989979959919779e+01 -2.474922471338895646e-01 2.973443808428238508e-03
1.498997995991983956e+01 -2.237502689633188990e-01 8.525366109242728512e-04
1.503006012024047955e+01 -2.009519456076159782e-01 1.282037764605363213e-04
1.507014028056112132e+01 -1.793527083966360292e-01 1.026492501486110224e-05
1.511022044088176308e+01 -1.592010988530715987e-01 2.853725621808834948e-05
1.515030060120240485e+01 -1.407355125876933455e-01 3.381934697742529648e-05
1.519038076152304484e+01 -1.241807253761653407e-01 1.334309660159194394e-04
1.523046092184368661e+01 -1.097442824213142876e-01 5.799436508117366152e-04
1.527054108216432837e+01 -9.761281056016717084e-02 1.640862637315709414e-03
1.531062124248497014e+01 -8.794839563355918988e-02 3.479952397984790221e-03
1.535070140280561013e+01 -8.088507221974447492e-02 6.077218615977241986e-03
1.539078156312625190e+01 -7.652561933899121316e-02 9.204302227042401516e-03
1.543086172344689366e+01 -7.493868124933490693e-02 1.245899042360792790e-02
1.547094188376753365e+01 -7.615643992587135813e-02 1.534758774172530725e-02
1.551102204408817542e+01 -8.017281566949673033e-02 1.739364256743779202e-02
1.555110220440881719e+01 -8.694243021643896507e-02 1.824477750363428727e-02
1.559118236472945895e+01 -9.638025507670611169e-02 1.775165701059244761e-02
1.563126252505009894e+01 -1.083621596806338128e-01 1.600001267140865532e-02
1.567134268537074071e+01 -1.227262225541282947e-01 1.328930891276398039e-02
1.571142284569138248e+01 -1.392749762360152022e-01 1.006482685870646425e-02
1.575150300601202424e+01 -1.577783901240393249e-01 6.820912873371968652e-03
1.579158316633266423e+01 -1.779777028509582359e-01 3.999766714696414982e-03
1.583166332665330600e+01 -1.995898569441739157e-01 1.909311766309141484e-03
1.587174348697394777e+01 -2.223125847103383512e-01 6.780853969417492558e-04
1.591182364729458776e+01 -2.458298620668613044e-01 2.541679930778531537e-04
1.595190380761522952e+01 -2.698177254862121899e-01 4.441129731225878607e-04
1.599198396793587129e+01 -2.939501533065954630e-01 9.780571573363868159e-04
1.603206412825651128e+01 -3.179049746783253472e-01 1.582206537971777649e-03
1.607214428857715305e+01 -3.413695151472712075e-01 2.040136774231541411e-03
1.611222444889779482e+01 -3.640459367400253332e-01 2.229515026375381969e-03
1.615230460921843658e+01 -3.856560183459231683e-01 2.129055976325152592e-03
1.619238476953907835e+01 -4.059453487091909674e-01 1.799062329219264190e-03
1.623246492985972012e+01 -4.246867482456744280e-01 1.345524036128653306e-03
1.627254509018035833e+01 -4.416829134582230809e-01 8.804957185711614681e-04
1.631262525050100010e+01 -4.567682029502799224e-01 4.904035064857535523e-04
1.635270541082164186e+01 -4.698095729098935580e-01 2.193884926631077320e-04
1.639278557114228363e+01 -4.807067073283656233e-01 6.914943788963367674e-05
1.643286573146292540e+01 -4.893913459268342536e-01 1.137211081665897913e-05
1.647294589178356716e+01 -4.958259887380102593e-01 5.836738062557680308e-06
1.651302605210420893e+01 -5.000019510289519520e-01 1.691798362691172356e-05
1.655310621242485070e+01 -5.019370679839296745e-01 2.337991110605726940e-05
1.659318637274548891e+01 -5.016729718211646594e-01 1.982542206898124020e-05
1.663326653306613068e+01 -4.992723270658431245e-01 1.155464400105057817e-05
1.667334669338677244e+01 -4.948158842271058178e-01 6.661517923537681678e-06
1.671342685370741421e+01 -4.883997732540194536e-01 9.461879862867212656e-06
1.675350701402805598e+01 -4.801328385543709998e-01 1.792160423325830701e-05
1.679358717434869774e+01 -4.701344140133997818e-01 2.551518765155251226e-05
1.683366733466933951e+01 -4.585323016325318357e-01 2.585945156108037185e-05
1.687374749498997772e+01 -4.454612735169781179e-01 1.738034926523802446e-05
1.691382765531061949e+01 -4.310618557408459894e-01 5.528943438661702072e-06
1.695390781563126126e+01 -4.154795926985864196e-01 1.380908147520132225e-06
1.699398797595190302e+01 -3.988645839654089142e-01 1.720179602263338198e-05
1.703406813627254479e+01 -3.813713500646975785e-01 6.093578631428897498e-05
1.707414829659318656e+01 -3.631588876973148583e-01 1.320318546799870315e-04
1.711422845691382832e+01 -3.443908325531272463e-01 2.204074118178922254e-04
1.715430861723446654e+01 -3.252356818607917699e-01 3.090392425523605683e-04
1.719438877755510831e+01 -3.058668842401741084e-01 3.791542511667071519e-04
1.723446893787575007e+01 -2.864628462346230364e-01 4.160538402371815312e-04
1.727454909819639184e+01 -2.672065982138606133e-01 4.134017594543433613e-04
1.731462925851703361e+01 -2.482852534157788116e-01 3.745591873104987118e-04
1.735470941883767537e+01 -2.298889923195272800e-01 3.107233678727270177e-04
1.739478957915831714e+01 -2.122097631351501923e-01 2.368289743809765826e-04
1.743486973947895891e+01 -1.954394715987496367e-01 1.668895339425848152e-04
1.747494989979959712e+01 -1.797678753814589692e-01 1.104426811755598029e-04
1.751503006012023889e+01 -1.653800314612513533e-01 7.116757962651717106e-05
1.755511022044088065e+01 -1.524535134051119012e-01 4.779259024595946864e-05
1.759519038076152242e+01 -1.411553260146816147e-01 3.659661346894086867e-05
1.763527054108216419e+01 -1.316387301992915371e-01 3.436561971438976330e-05
1.767535070140280595e+01 -1.240399621828250087e-01 4.075056511386869912e-05
1.771543086172344772e+01 -1.184750609428658757e-01 5.943664691795908026e-05
1.775551102204408593e+01 -1.150368063322597806e-01 9.814358944774129396e-05
1.779559118236472770e+01 -1.137919936464212578e-01 1.679560797603311278e-04
1.783567134268536947e+01 -1.147790199993036775e-01 2.826886398644241015e-04
1.787575150300601123e+01 -1.180060325621337391e-01 4.588900718848520671e-04
1.791583166332665300e+01 -1.234495428016464946e-01 7.168369652880964091e-04
1.795591182364729477e+01 -1.310537915541762355e-01 1.082563757815551992e-03
1.799599198396793653e+01 -1.407306621551202563e-01 1.590800937211412497e-03
1.803607214428857475e+01 -1.523604677031188681e-01 2.288605486311764709e-03
1.807615230460921651e+01 -1.657932803835119595e-01 3.239447196951155804e-03
1.811623246492985828e+01 -1.808511723982109132e-01 4.527475023809294369e-03
1.815631262525050005e+01 -1.973309001244828720e-01 6.261481276493510544e-03
1.819639278557114181e+01 -2.150074440149264410e-01 8.577939344793929222e-03
1.823647294589178358e+01 -2.336378072540895023e-01 1.164214298483804907e-02
1.827655310621242535e+01 -2.529655278813768837e-01 1.564657809766655319e-02
1.831663326653306711e+01 -2.727251984140453001e-01 2.080559497526192347e-02
1.835671342685370533e+01 -2.926474911446170779e-01 2.734607314000276485e-02
1.839679358717434710e+01 -3.124639018170773386e-01 3.549405816199328878e-02
1.843687374749498886e+01 -3.319117576305131156e-01 4.545812145942389887e-02
1.847695390781563063e+01 -3.507386526270468430e-01 5.741040608216493174e-02
1.851703406813627240e+01 -3.687069104832857436e-01 7.146666852712622864e-02
1.855711422845691416e+01 -3.855972205467613767e-01 8.766650832021910533e-02
1.859719438877755593e+01 -4.012121062717639575e-01 1.059549032187015322e-01
1.863727454909819414e+01 -4.153783856752619741e-01 1.261659574714105725e-01
1.867735470941883591e+01 -4.279493412743559100e-01 1.480098084767298705e-01
1.871743486973947768e+01 -4.388058012421253151e-01 1.710636155061177333e-01
1.875751503006011944e+01 -4.478568961755034494e-01 1.947680683442831184e-01
1.879759519038076121e+01 -4.550397602432545985e-01 2.184308808265900681e-01
1.883767535070140298e+01 -4.603189633137165782e-01 2.412394756022744058e-01
1.887775551102204474e+01 -4.636850303709826315e-01 2.622846347005802770e-01
1.891783567134268296e+01 -4.651528196968388595e-01 2.805971159216741340e-01
1.895791583166332472e+01 -4.647592178621379744e-01 2.951977959439938126e-01
1.899799599198396649e+01 -4.625608642237040158e-01 3.051609082156341302e-01
1.903807615230460826e+01 -4.586314668323297483e-01 3.096873498118055124e-01
1.907815631262525002e+01 -4.530593280789833588e-01 3.081829938265354119e-01
1.911823647294589179e+01 -4.459447281944777797e-01 3.003340391449144109e-01
1.915831663326653356e+01 -4.373976750292583593e-01 2.861699577340697243e-01
1.919839679358717532e+01 -4.275357206428538892e-01 2.661033466710865936e-01
1.923847695390781354e+01 -4.164822466273430113e-01 2.409373696083581262e-01
1.927855711422845530e+01 -4.043649331433911143e-01 2.118337343475536205e-01
1.931863727454909707e+01 -3.913147268537370826e-01 1.802391919808166709e-01
1.935871743486973884e+01 -3.774650018289113507e-01 1.477740661325759597e-01
1.939879759519038060e+01 -3.629511760544386068e-01 1.160926961614010683e-01
1.943887775551102237e+01 -3.479104290343687511e-01 8.673134472892464475e-02
1.947895791583166414e+01 -3.324817735419450804e-01 6.096230580353370621e-02
1.951903807615230235e+01 -3.168060624503898914e-01 3.967462350910586077e-02
1.955911823647294412e+01 -3.010262175398616402e-01 2.329844310768062338e-02
1.959919839679358589e+01 -2.852871945670384934e-01 1.178579581083527908e-02
1.963927855711422765e+01 -2.697360401072785296e-01 4.651463809748996800e-03
1.967935871743486942e+01 -2.545214996765703397e-01 1.069732115032800230e-03
1.971943887775551119e+01 -2.397936196679743281e-01 1.298718372320097918e-05
1.975951903807615295e+01 -2.257027716695240716e-01 4.119857271667638895e-04
1.979959919839679117e+01 -2.123986262564014071e-01 1.313220937593568031e-03
1.983967935871743293e+01 -2.000285061148349419e-01 2.009191084063954164e-03
1.987975951903807470e+01 -1.887357064588323918e-01 2.121402387899021594e-03
1.991983967935871647e+01 -1.786572499186198926e-01 1.623578740584973208e-03
1.995991983967935823e+01 -1.699216836691953003e-01 8.025211749397272512e-04
2.000000000000000000e+01 -1.626464581277833332e-01 1.646348549351215132e-04
