# time correlation fidelity
0.000000000000000000e+00 -1.058823529411764719e+00 1.000000000000000000e+00
4.008016032064128098e-02 -1.052212155007881123e+00 9.722285150294238676e-01
8.016032064128256196e-02 -1.034483527156299099e+00 9.009145730613306036e-01
1.202404809619238429e-01 -1.010602348819301222e+00 8.118353180026703919e-01
1.603206412825651239e-01 -9.852269569561736828e-01 7.256258159285089437e-01
2.004008016032063910e-01 -9.598103608080708060e-01 6.478335779597090838e-01
2.404809619238476859e-01 -9.318498786484795682e-01 5.715666861345958250e-01
2.805611222444889807e-01 -8.967243787630611029e-01 4.872991886319237853e-01
3.206412825651302478e-01 -8.508610160051628402e-01 3.931766201781354275e-01
3.607214428857715149e-01 -7.941524490821371129e-01 2.981128746336510482e-01
4.008016032064127820e-01 -7.301032946021055459e-01 2.147940017681085889e-01
4.408817635270541047e-01 -6.637075073095350941e-01 1.505134296167405794e-01
4.809619238476953718e-01 -5.985293250378637131e-01 1.047435336528938638e-01
5.210420841683366389e-01 -5.349070085273549546e-01 7.269209492557014707e-02
5.611222444889779615e-01 -4.703549122623926215e-01 4.942743127282679672e-02
6.012024048096191731e-01 -4.017416168664825760e-01 3.192162455314093150e-02
6.412825651302604957e-01 -3.277182928977219745e-01 1.905120166443111454e-02
6.813627254509018183e-01 -2.498433791591219144e-01 1.041818998426266921e-02
7.214428857715430299e-01 -1.718083874296387759e-01 5.304020565209020648e-03
7.615230460921843525e-01 -9.742609797121384863e-02 2.595649172290879700e-03
8.016032064128255641e-01 -2.877542994692201817e-02 1.254884041621060278e-03
8.416833667334668867e-01 3.434217089050174698e-02 5.992338355113449111e-04
8.817635270541082093e-01 9.346049364554140371e-02 2.724026233019069261e-04
9.218436873747494209e-01 1.498259417274030170e-01 1.109466907155742322e-04
9.619238476953907435e-01 2.032185046291742070e-01 3.818551248274288930e-05
1.002004008016031955e+00 2.518916236221426797e-01 1.074487056645633179e-05
1.042084168336673278e+00 2.935008331930976655e-01 2.480605452134239365e-06
1.082164328657314600e+00 3.262858356191416509e-01 4.854153199147434128e-07
1.122244488977955923e+00 3.497215014856444593e-01 8.229916159198540058e-08
1.162324649298597246e+00 3.643267893156058035e-01 1.121890840449509465e-08
1.202404809619238346e+00 3.709290525946078998e-01 8.958117221660090796e-10
1.242484969939879669e+00 3.699796155417038879e-01 1.465216785884661439e-11
1.282565130260520991e+00 3.613518959147140608e-01 1.129363205807208743e-12
1.322645290581162314e+00 3.446358634683778788e-01 2.437449711117856437e-12
1.362725450901803637e+00 3.196101121755234864e-01 2.438554946441126474e-12
1.402805611222444737e+00 2.865267992923781759e-01 5.301224112224618987e-12
1.442885771543086060e+00 2.460569145776765609e-01 1.121384748189044972e-11
1.482965931863727382e+00 1.990199290738949578e-01 1.109409578391215594e-11
1.523046092184368705e+00 1.461525559418060949e-01 1.143659919973110764e-11
1.563126252505010028e+00 8.808278699396632216e-02 2.910562018163618514e-11
1.603206412825651128e+00 2.547478791696384387e-02 8.273582421376927751e-11
1.643286573146292451e+00 -4.082453296221202899e-02 1.619133372173824384e-10
1.683366733466933773e+00 -1.097817931197681146e-01 2.166019002957705952e-10
1.723446893787575096e+00 -1.803236358418507379e-01 2.323348487898020471e-10
1.763527054108216419e+00 -2.515153561296927798e-01 2.490164151647813461e-10
1.803607214428857741e+00 -3.226340965264196670e-01 2.961605205822591325e-10
1.843687374749498842e+00 -3.930904481751386625e-01 3.979186997757561504e-10
1.883767535070140164e+00 -4.622673178952728112e-01 6.005750413159853549e-10
1.923847695390781487e+00 -5.294057206973178387e-01 9.412683807918316880e-10
1.963927855711422810e+00 -5.936205220667900573e-01 1.352190818623344807e-09
2.004008016032063910e+00 -6.540316349794688122e-01 1.614646083697751400e-09
2.044088176352705233e+00 -7.099186402014391328e-01 1.542464741952266484e-09
2.084168336673346555e+00 -7.608010588912247352e-01 1.208963743243213720e-09
2.124248496993987878e+00 -8.064056272221686861e-01 8.614886196792741017e-10
2.164328657314629201e+00 -8.465569729935510379e-01 6.733547068867611613e-10
2.204408817635270523e+00 -8.810675545393177321e-01 6.832728021479851044e-10
2.244488977955911846e+00 -9.096882666094582293e-01 8.712731984739907545e-10
2.284569138276553169e+00 -9.321335296142524429e-01 1.144351873666482759e-09
2.324649298597194491e+00 -9.481500732821509514e-01 1.283234201401777301e-09
2.364729458917835370e+00 -9.575851785492079937e-01 1.104293929099738446e-09
2.404809619238476692e+00 -9.604213459490874572e-01 7.030677965876822302e-10
2.444889779559118015e+00 -9.567674600736633117e-01 3.393057117240629348e-10
2.484969939879759337e+00 -9.468198365559852281e-01 1.418102345965809514e-10
2.525050100200400660e+00 -9.308146094610908472e-01 7.633758447601409163e-11
2.565130260521041983e+00 -9.089901567713457586e-01 9.159691495423320356e-11
2.605210420841683305e+00 -8.815703390034682618e-01 2.171753498981160710e-10
2.645290581162324628e+00 -8.487725679453992367e-01 5.981721729500629980e-10
2.685370741482965951e+00 -8.108383181631394487e-01 1.396873516554408648e-09
2.725450901803607273e+00 -7.680754444607763576e-01 2.422675006838366863e-09
2.765531062124248596e+00 -7.208940444443364681e-01 2.973331246044540281e-09
2.805611222444889474e+00 -6.698161691812881680e-01 2.593761066566477869e-09
2.845691382765530797e+00 -6.154478728161979495e-01 1.746773962105002210e-09
2.885771543086172120e+00 -5.584196312962997899e-01 1.176722936523600298e-09
2.925851703406813442e+00 -4.993225644323539547e-01 1.210216166494521767e-09
2.965931863727454765e+00 -4.386802612240349730e-01 1.992872852973858277e-09
3.006012024048096087e+00 -3.769847923218722086e-01 3.553016536987319383e-09
3.046092184368737410e+00 -3.147876788608874876e-01 5.168949968760004245e-09
3.086172344689378733e+00 -2.527910736016428794e-01 5.580718144622788317e-09
3.126252505010020055e+00 -1.918651306181381744e-01 4.452717073749760968e-09
3.166332665330661378e+00 -1.329499861052041987e-01 3.102401963990024802e-09
3.206412825651302256e+00 -7.687741376456945497e-02 4.582345106441821315e-09
3.246492985971943579e+00 -2.422167538419500721e-02 1.483658792169398130e-08
3.286573146292584902e+00 2.469924964392451391e-02 4.373900155461171896e-08
3.326653306613226224e+00 6.963357493881847105e-02 1.019277766375310401e-07
3.366733466933867547e+00 1.101199071157695497e-01 2.011689109362441620e-07
3.406813627254508869e+00 1.453302313988161787e-01 3.966374613647088668e-07
3.446893787575150192e+00 1.741989736698224822e-01 9.221485774535206654e-07
3.486973947895791515e+00 1.958215319796939025e-01 2.462187818334025298e-06
3.527054108216432837e+00 2.098881967318674824e-01 6.553814433895514560e-06
3.567134268537074160e+00 2.168323239024415872e-01 1.577072252868863273e-05
3.607214428857715482e+00 2.175123468593403442e-01 3.318105804563490117e-05
3.647294589178356361e+00 2.125626147568354385e-01 6.185278451964867008e-05
3.687374749498997684e+00 2.018362011954929203e-01 1.073575258812863481e-04
3.727454909819639006e+00 1.843866054297722545e-01 1.865589749444783918e-04
3.767535070140280329e+00 1.591124257243210771e-01 3.427021868702027560e-04
3.807615230460921651e+00 1.257068489007463485e-01 6.596151430917595844e-04
3.847695390781562974e+00 8.526374323104068953e-02 1.257203292176115690e-03
3.887775551102204297e+00 4.003093486490450631e-02 2.253320589499496155e-03
3.927855711422845619e+00 -7.656464232270018301e-03 3.718379964367610029e-03
3.967935871743486942e+00 -5.662777529083746347e-02 5.702885632685552805e-03
4.008016032064127820e+00 -1.074417192003201404e-01 8.406694237914635187e-03
4.048096192384769587e+00 -1.617639440084280011e-01 1.243603967829940045e-02
4.088176352705410466e+00 -2.208561974383813631e-01 1.892919675714840877e-02
4.128256513026052232e+00 -2.841544229818401823e-01 2.928350295281647447e-02
4.168336673346693111e+00 -3.489548592285956485e-01 4.443728553186967328e-02
4.208416833667334878e+00 -4.115508051108076049e-01 6.415446235952733389e-02
4.248496993987975756e+00 -4.691837868702193326e-01 8.713811481415277560e-02
4.288577154308616635e+00 -5.215406416187575722e-01 1.124390058520359781e-01
4.328657314629258401e+00 -5.707220640301454706e-01 1.414137539242099895e-01
4.368737474949899280e+00 -6.195829244515814738e-01 1.783421117283985335e-01
4.408817635270541047e+00 -6.694733411973251558e-01 2.281615933113313177e-01
4.448897795591181925e+00 -7.188902691882962381e-01 2.920826885145258456e-01
4.488977955911823692e+00 -7.640081334740261854e-01 3.644373944134448040e-01
4.529058116232464570e+00 -8.008294925984874579e-01 4.341913496168728903e-01
4.569138276553106337e+00 -8.275895576470522208e-01 4.912663679515419934e-01
4.609218436873747216e+00 -8.458124952451286926e-01 5.334711220131538312e-01
4.649298597194388982e+00 -8.592588722698863979e-01 5.680754813630101152e-01
4.689378757515029861e+00 -8.713998288772899503e-01 6.052807524266055061e-01
4.729458917835670739e+00 -8.830620933509198967e-01 6.478400202352565529e-01
4.769539078156312506e+00 -8.918054776674381179e-01 6.859404025676997252e-01
4.809619238476953385e+00 -8.934639629797935800e-01 7.026823336676251142e-01
4.849699398797595151e+00 -8.848541589116029060e-01 6.858772174000651312e-01
4.889779559118236030e+00 -8.658787745269062031e-01 6.366319894325597195e-01
4.929859719438877796e+00 -8.396495729222972493e-01 5.684095354076494910e-01
4.969939879759518675e+00 -8.105638281934177680e-01 4.977457871360341235e-01
5.010020040080160442e+00 -7.816101475148183875e-01 4.339552992382341712e-01
5.050100200400801320e+00 -7.526603063750642031e-01 3.759237411894433833e-01
5.090180360721443087e+00 -7.208262401342823145e-01 3.176800161852882942e-01
5.130260521042083965e+00 -6.825954924699981774e-01 2.562431231072031523e-01
5.170340681362724844e+00 -6.363119343252805482e-01 1.946127410769140087e-01
5.210420841683366611e+00 -5.833934593587489781e-01 1.390551759811310406e-01
5.250501002004007489e+00 -5.275649363700546379e-01 9.458113858401862029e-02
5.290581162324649256e+00 -4.726993421977789267e-01 6.237096855808781093e-02
5.330661322645290134e+00 -4.207137728568921542e-01 4.030505368448744630e-02
5.370741482965931901e+00 -3.708422368560312377e-01 2.527174281594679259e-02
5.410821643286572780e+00 -3.206518443951841824e-01 1.496917496435372016e-02
5.450901803607214546e+00 -2.680374988927553548e-01 8.143532161546838608e-03
5.490981963927855425e+00 -2.128573577680842877e-01 3.995238568874308685e-03
5.531062124248497192e+00 -1.572050957364801993e-01 1.762747806696485491e-03
5.571142284569138070e+00 -1.042739345680433194e-01 7.136656356893528739e-04
5.611222444889778949e+00 -5.665965129710602566e-02 2.803943118575990970e-04
5.651302605210420715e+00 -1.520538162874392717e-02 1.189978176130804152e-04
5.691382765531061594e+00 2.096838930580427127e-02 6.316849434415618852e-05
5.731462925851703361e+00 5.340871978444960977e-02 4.549089636439036620e-05
5.771543086172344239e+00 8.302816567711969464e-02 4.188795053442791573e-05
5.811623246492986006e+00 1.093952669555796342e-01 4.415533160389275506e-05
5.851703406813626884e+00 1.309739393716859435e-01 4.828387056472676427e-05
5.891783567134268651e+00 1.460232333101542102e-01 5.147377443152772878e-05
5.931863727454909530e+00 1.535102389882837259e-01 5.287608413127798041e-05
5.971943887775551296e+00 1.534940310194344848e-01 5.348637434067404143e-05
6.012024048096192175e+00 1.468511119827415334e-01 5.434629893145569070e-05
6.052104208416833053e+00 1.346271300536148741e-01 5.546018074099553531e-05
6.092184368737474820e+00 1.174694336826666574e-01 5.614393815489813501e-05
6.132264529058115698e+00 9.545639144394937881e-02 5.544997278168194583e-05
6.172344689378757465e+00 6.833140009773751300e-02 5.253894418718722700e-05
6.212424849699398344e+00 3.590491576348109337e-02 4.744093725782216832e-05
6.252505010020040110e+00 -1.649255722812440622e-03 4.148169501469631905e-05
6.292585170340680989e+00 -4.373964609323091612e-02 3.651448535949250213e-05
6.332665330661322756e+00 -8.950528472887218923e-02 3.368059671308645001e-05
6.372745490981963634e+00 -1.380289306556023443e-01 3.329692002541817568e-05
6.412825651302604513e+00 -1.884903369224920633e-01 3.548831718211090141e-05
6.452905811623246279e+00 -2.402139847855621346e-01 3.996565361104152539e-05
6.492985971943887158e+00 -2.926397760322623776e-01 4.543634244128718985e-05
6.533066132264528925e+00 -3.452677404598253896e-01 5.007340730809317755e-05
6.573146292585169803e+00 -3.976068978779720431e-01 5.284393287358345068e-05
6.613226452905811570e+00 -4.491334410216199502e-01 5.424880972511309093e-05
6.653306613226452448e+00 -4.992607732757307626e-01 5.532536326564718037e-05
6.693386773547094215e+00 -5.473366059873294720e-01 5.580183955705512593e-05
6.733466933867735094e+00 -5.926845064142899355e-01 5.397071406815744099e-05
6.773547094188376860e+00 -6.346847184266982689e-01 4.860785989305117707e-05
6.813627254509017739e+00 -6.728573188346124168e-01 4.036616355621029564e-05
6.853707414829658617e+00 -7.068991988352366640e-01 3.121594134934681887e-05
6.893787575150300384e+00 -7.366492570531073536e-01 2.305315151255417900e-05
6.933867735470941263e+00 -7.620001831602800646e-01 1.684017991239749489e-05
6.973947895791583029e+00 -7.828103837273545640e-01 1.250744195218267411e-05
7.014028056112223908e+00 -7.988713047714445237e-01 9.396492281847946900e-06
7.054108216432865675e+00 -8.099495501114428730e-01 6.917407372774069632e-06
7.094188376753506553e+00 -8.158729493816887501e-01 4.873323404721025128e-06
7.134268537074148320e+00 -8.166017555660232130e-01 3.305679292549600945e-06
7.174348697394789198e+00 -8.122404787722005137e-01 2.239491760410236350e-06
7.214428857715430965e+00 -8.029888851608391054e-01 1.607576870215500456e-06
7.254509018036071843e+00 -7.890700489938609064e-01 1.312403913370991781e-06
7.294589178356712722e+00 -7.706829861342897603e-01 1.292934280896984795e-06
7.334669338677354489e+00 -7.480042837768818842e-01 1.530816359919682930e-06
7.374749498997995367e+00 -7.212261486370965535e-01 1.991960674289796243e-06
7.414829659318637134e+00 -6.905943570882999705e-01 2.556888285845597432e-06
7.454909819639278012e+00 -6.564168720983052374e-01 3.028812184390839910e-06
7.494989979959919779e+00 -6.190443492755055566e-01 3.237290047541058294e-06
7.535070140280560658e+00 -5.788498678398446007e-01 3.148166764030169533e-06
7.575150300601202424e+00 -5.362338260219783326e-01 2.889334030482165041e-06
7.615230460921843303e+00 -4.916516026678197093e-01 2.689133617262472307e-06
7.655310621242485070e+00 -4.456314266350840381e-01 2.778841042165845651e-06
7.695390781563125948e+00 -3.987471693421980601e-01 3.305290695316875614e-06
7.735470941883766827e+00 -3.515447455738935911e-01 4.269916259644090825e-06
7.775551102204408593e+00 -3.044692483777085013e-01 5.490250435767530926e-06
7.815631262525049472e+00 -2.578605333391165155e-01 6.614950810605911735e-06
7.855711422845691239e+00 -2.120483277497832997e-01 7.240600376728047965e-06
7.895791583166332117e+00 -1.675000682352665027e-01 7.109164125292282948e-06
7.935871743486973884e+00 -1.249113984914745068e-01 6.269753746889274712e-06
7.975951903807614762e+00 -8.513926776752769876e-02 5.028009826885161964e-06
8.016032064128255641e+00 -4.897510998511016289e-02 3.696218104487884517e-06
8.056112224448897408e+00 -1.688554256824852454e-02 2.580217160889629679e-06
8.096192384769539174e+00 1.108814666190766247e-02 2.349536196430896380e-06
8.136272545090179165e+00 3.515537243384481841e-02 4.127572798059169367e-06
8.176352705410820931e+00 5.539752747037129943e-02 9.111265924012888417e-06
8.216432865731462698e+00 7.143080055394634975e-02 1.886034912676099831e-05
8.256513026052104465e+00 8.237974593549320101e-02 3.745448081795916872e-05
8.296593186372744455e+00 8.725491215150066315e-02 7.584785868546880660e-05
8.336673346693386222e+00 8.554199767652476138e-02 1.567867847423773755e-04
8.376753507014027988e+00 7.760780181398771460e-02 3.126487417869196553e-04
8.416833667334669755e+00 6.458641437015766318e-02 5.682048586988043331e-04
8.456913827655309746e+00 4.773687688587596734e-02 9.212116112955690819e-04
8.496993987975951512e+00 2.765461003092724995e-02 1.355427065593063076e-03
8.537074148296593279e+00 3.884597560104188340e-03 1.902481106517326347e-03
8.577154308617233269e+00 -2.472603450900956804e-02 2.722990279953195827e-03
8.617234468937875036e+00 -5.908173846524256145e-02 4.149954417454634198e-03
8.657314629258516803e+00 -9.889473110583221760e-02 6.623566605365721095e-03
8.697394789579158569e+00 -1.424250649194773455e-01 1.047219219747036641e-02
8.737474949899798560e+00 -1.871836988333729912e-01 1.566056258668504370e-02
8.777555110220440326e+00 -2.312177133758812064e-01 2.182382038531997109e-02
8.817635270541082093e+00 -2.741405791274189041e-01 2.878071256795068991e-02
8.857715430861723860e+00 -3.171691180548150135e-01 3.723242755721265645e-02
8.897795591182363850e+00 -3.620534927884586640e-01 4.903638854704112787e-02
8.937875751503005617e+00 -4.095435974450514771e-01 6.660978327951494471e-02
8.977955911823647384e+00 -4.584161808824521178e-01 9.145906755413286959e-02
9.018036072144287374e+00 -5.057872519455464122e-01 1.225991830320830450e-01
9.058116232464929141e+00 -5.485960816869206447e-01 1.564484726737218612e-01
9.098196392785570907e+00 -5.853250388871527043e-01 1.892217982423458900e-01
9.138276553106212674e+00 -6.168011178588795884e-01 2.203785582674732679e-01
9.178356713426852664e+00 -6.454920895422353588e-01 2.539294199325694001e-01
9.218436873747494431e+00 -6.737002457705216774e-01 2.958953757821521924e-01
9.258517034068136198e+00 -7.018176975996781586e-01 3.492766253561749856e-01
9.298597194388777964e+00 -7.278179295997767584e-01 4.098682659393023675e-01
9.338677354709417955e+00 -7.483710262603161523e-01 4.666051264673423682e-01
9.378757515030059722e+00 -7.608863003431425298e-01 5.077106989711164253e-01
9.418837675350701488e+00 -7.651439280560224931e-01 5.285965773693330760e-01
9.458917835671341479e+00 -7.634265500162283891e-01 5.345015060236268933e-01
9.498997995991983245e+00 -7.590426624938773070e-01 5.353025877645398722e-01
9.539078156312625012e+00 -7.541959978635458528e-01 5.371449680581961150e-01
9.579158316633266779e+00 -7.485940560110364572e-01 5.375478309408501243e-01
9.619238476953906769e+00 -7.397080203488692884e-01 5.273455490143614810e-01
9.659318637274548536e+00 -7.245071069610996561e-01 4.979994855837692191e-01
9.699398797595190302e+00 -7.015222325675127824e-01 4.486278044343496862e-01
9.739478957915832069e+00 -6.718931014539780699e-01 3.869023447597601528e-01
9.779559118236472059e+00 -6.387366652040845638e-01 3.235423062634937286e-01
9.819639278557113826e+00 -6.052791485369333202e-01 2.659090719185984719e-01
9.859719438877755593e+00 -5.729879063723528620e-01 2.157242879029885319e-01
9.899799599198395583e+00 -5.409064661517506423e-01 1.711972288382171137e-01
9.939879759519037350e+00 -5.065761141416104119e-01 1.306000820911969451e-01
9.979959919839679117e+00 -4.678875393054782728e-01 9.426123671464288478e-02
1.002004008016032088e+01 -4.246382242572826482e-01 6.394524146472631287e-02
1.006012024048096087e+01 -3.788184994289819918e-01 4.097328932153571079e-02
1.010020040080160264e+01 -3.335076771536957252e-01 2.512371602797018599e-02
1.014028056112224441e+01 -2.911546385583153040e-01 1.495710561511145141e-02
1.018036072144288617e+01 -2.523693761395389701e-01 8.740327453612936268e-03
1.022044088176352616e+01 -2.159547237399516428e-01 5.063073887554911910e-03
1.026052104208416793e+01 -1.800654636229980787e-01 2.952721874740957351e-03
1.030060120240480970e+01 -1.436772123810267365e-01 1.759410522429579078e-03
1.034068136272544969e+01 -1.074203218839646090e-01 1.059874434653985476e-03
1.038076152304609145e+01 -7.330955120247234502e-02 6.137208995216161551e-04
1.042084168336673322e+01 -4.362731047919300720e-02 3.136381948033090442e-04
1.046092184368737499e+01 -1.972648920117813301e-02 1.248032965554650171e-04
1.050100200400801498e+01 -1.501828438154248751e-03 4.594435256366319299e-05
1.054108216432865675e+01 1.221368904469439902e-02 9.381122090705138643e-05
1.058116232464929851e+01 2.267508646693048441e-02 2.876239144648972865e-04
1.062124248496994028e+01 3.033733994637462239e-02 6.285330224302311964e-04
1.066132264529058027e+01 3.458506946016284833e-02 1.094550803619569234e-03
1.070140280561122204e+01 3.417385692131096747e-02 1.661438503596593787e-03
1.074148296593186380e+01 2.803417870882127585e-02 2.330085817860498044e-03
1.078156312625250379e+01 1.590860665853573858e-02 3.133722912298022526e-03
1.082164328657314556e+01 -1.542081662707089559e-03 4.115206387648832030e-03
1.086172344689378733e+01 -2.315739170711505340e-02 5.282545212065004915e-03
1.090180360721442909e+01 -4.789894580015952724e-02 6.567078696264301053e-03
1.094188376753506908e+01 -7.528097950256004700e-02 7.822766305741133894e-03
1.098196392785571085e+01 -1.053862332444589073e-01 8.887789476268141350e-03
1.102204408817635262e+01 -1.385201229990189187e-01 9.667294956112539722e-03
1.106212424849699438e+01 -1.747605552033175413e-01 1.015821784479819731e-02
1.110220440881763437e+01 -2.136855092890179997e-01 1.039309646852753198e-02
1.114228456913827614e+01 -2.544155759527281790e-01 1.036774046946816255e-02
1.118236472945891791e+01 -2.959035067823282961e-01 1.003011358867098371e-02
1.122244488977955790e+01 -3.372698573632552099e-01 9.339342778858610028e-03
1.126252505010019966e+01 -3.779903905241840389e-01 8.335578194675920954e-03
1.130260521042084143e+01 -4.178555096450603523e-01 7.153865566898915535e-03
1.134268537074148320e+01 -4.567640327230010899e-01 5.965002973350894307e-03
1.138276553106212319e+01 -4.944975930847334000e-01 4.892661222615240016e-03
1.142284569138276495e+01 -5.306098319585754730e-01 3.974070155733967075e-03
1.146292585170340672e+01 -5.644797417282702012e-01 3.183277145401327245e-03
1.150300601202404849e+01 -5.954756236758423915e-01 2.482907718100164744e-03
1.154308617234468848e+01 -6.231208472422119504e-01 1.860339512468106929e-03
1.158316633266533024e+01 -6.471688468536496153e-01 1.329867258104650051e-03
1.162324649298597201e+01 -6.675606287176121256e-01 9.118536227488976010e-04
1.166332665330661200e+01 -6.843085986117481978e-01 6.113698544737287055e-04
1.170340681362725377e+01 -6.973848154971082902e-01 4.126520578011190401e-04
1.174348697394789554e+01 -7.066756304739624239e-01 2.887621326808091811e-04
1.178356713426853730e+01 -7.120178910167459518e-01 2.137010292835159122e-04
1.182364729458917729e+01 -7.132820620783388854e-01 1.680754359276121293e-04
1.186372745490981906e+01 -7.104447715409186737e-01 1.391156362666368020e-04
1.190380761523046083e+01 -7.036107083393233763e-01 1.193052672302011806e-04
1.194388777555110259e+01 -6.929779354354173027e-01 1.054385581720699411e-04
1.198396793587174258e+01 -6.787748053263611414e-01 9.743687777424083233e-05
1.202404809619238435e+01 -6.612087285346242016e-01 9.659408082380743527e-05
1.206412825651302612e+01 -6.404541924408222453e-01 1.039855371046327165e-04
1.210420841683366611e+01 -6.166830702274128662e-01 1.192774317582311945e-04
1.214428857715430787e+01 -5.901122909360809743e-01 1.397211858677590765e-04
1.218436873747494964e+01 -5.610335451052289590e-01 1.600558488639681153e-04
1.222444889779559141e+01 -5.298028338574318763e-01 1.742415002645806839e-04
1.226452905811623140e+01 -4.967944543099853671e-01 1.785341245556015051e-04
1.230460921843687316e+01 -4.623497331016529488e-01 1.739613703884395203e-04
1.234468937875751493e+01 -4.267600685773640379e-01 1.656812005950303746e-04
1.238476953907815670e+01 -3.903029866595342789e-01 1.588729330265864991e-04
1.242484969939879669e+01 -3.533136647377707606e-01 1.546153891598199927e-04
1.246492985971943845e+01 -3.162400986492615584e-01 1.493955903265909433e-04
1.250501002004008022e+01 -2.796273683373693419e-01 1.382877491727744481e-04
1.254509018036072021e+01 -2.440212813344961318e-01 1.187542282476055847e-04
1.258517034068136198e+01 -2.098418566930624618e-01 9.239123036576273767e-05
1.262525050100200374e+01 -1.773173229022672048e-01 6.425819704266567901e-05
1.266533066132264551e+01 -1.465473260520886445e-01 4.015802935746401437e-05
1.270541082164328550e+01 -1.176796069815487789e-01 2.327577427762425117e-05
1.274549098196392727e+01 -9.109011610796967362e-02 1.369499886287695742e-05
1.278557114228456904e+01 -6.742207287009459316e-02 1.243000138192196257e-05
1.282565130260520903e+01 -4.741214635254203252e-02 2.587253334106489773e-05
1.286573146292585079e+01 -3.158153014924006130e-02 6.492296948710879706e-05
1.290581162324649256e+01 -1.999129948964495362e-02 1.388276159690820057e-04
1.294589178356713433e+01 -1.225671427628209631e-02 2.482619924558637477e-04
1.298597194388777432e+01 -7.864565107736004590e-03 3.826837876341904351e-04
1.302605210420841608e+01 -6.616815649300061483e-03 5.287687162062547743e-04
1.306613226452905785e+01 -8.893689888958031947e-03 6.924613473958593762e-04
1.310621242484969962e+01 -1.550549303798843051e-02 9.215888104802011675e-04
1.314629258517033961e+01 -2.716800019814898798e-02 1.309419003705618745e-03
1.318637274549098137e+01 -4.392361251906019143e-02 1.974989253362723074e-03
1.322645290581162314e+01 -6.491753528175943366e-02 3.019434088135560575e-03
1.326653306613226313e+01 -8.874292418862428367e-02 4.458604151425116929e-03
1.330661322645290490e+01 -1.141922409824374374e-01 6.197486037370083037e-03
1.334669338677354666e+01 -1.409363715066062894e-01 8.161287805514980814e-03
1.338677354709418843e+01 -1.696400797573773545e-01 1.057410789159018982e-02
1.342685370741482842e+01 -2.013674389331541470e-01 1.415210215235404925e-02
1.346693386773547019e+01 -2.366222517641086431e-01 1.993850781830414087e-02
1.350701402805611195e+01 -2.746646758291808599e-01 2.874566906882316392e-02
1.354709418837675372e+01 -3.136100618137500629e-01 4.050042731634680149e-02
1.358717434869739371e+01 -3.513151826411495815e-01 5.406607575409817096e-02
1.362725450901803548e+01 -3.865160871848668522e-01 6.803846711296064609e-02
1.366733466933867724e+01 -4.194561771372087855e-01 8.224968337273480534e-02
1.370741482965931723e+01 -4.515362194954528618e-01 9.875231800607438271e-02
1.374749498997995900e+01 -4.841639025328660639e-01 1.210611252027059964e-01
1.378757515030060077e+01 -5.175436498846254230e-01 1.517574846252973952e-01
1.382765531062124253e+01 -5.502313317373197510e-01 1.900815787775202159e-01
1.386773547094188253e+01 -5.797936883694595478e-01 2.315085513827194186e-01
1.390781563126252429e+01 -6.041804250210249805e-01 2.701564977412810320e-01
1.394789579158316606e+01 -6.229203089427307605e-01 3.027296907792584313e-01
1.398797595190380783e+01 -6.373315261581006252e-01 3.310259031003597308e-01
1.402805611222444782e+01 -6.495712717816113368e-01 3.605808835360850284e-01
1.406813627254508958e+01 -6.611320469825120449e-01 3.959066076781982413e-01
1.410821643286573135e+01 -6.717723752743057775e-01 4.357687114171986398e-01
1.414829659318637134e+01 -6.795984255926249551e-01 4.723907485537301998e-01
1.418837675350701311e+01 -6.822566732212773655e-01 4.956828557837639759e-01
1.422845691382765487e+01 -6.784583549567749783e-01 4.995634768683830940e-01
1.426853707414829664e+01 -6.688376523702602716e-01 4.855470344049749865e-01
1.430861723446893663e+01 -6.555740448214585347e-01 4.608667286493106641e-01
1.434869739478957840e+01 -6.410297208838225957e-01 4.328155273874874642e-01
1.438877755511022016e+01 -6.263018760550289610e-01 4.038975147191022907e-01
1.442885771543086193e+01 -6.106316856498377188e-01 3.714622459226624152e-01
1.446893787575150192e+01 -5.920412590295931476e-01 3.316465708889854702e-01
1.450901803607214369e+01 -5.687619050967067658e-01 2.838671242335563671e-01
1.454909819639278545e+01 -5.405069977125395164e-01 2.320242216218642850e-01
1.458917835671342544e+01 -5.087688497016895628e-01 1.819873125069004505e-01
1.462925851703406721e+01 -4.759767610755756828e-01 1.381711255949241435e-01
1.466933867735470898e+01 -4.440966192463933204e-01 1.020292432708453378e-01
1.470941883767535074e+01 -4.135970469310418229e-01 7.290582201887023384e-02
1.474949899799599073e+01 -3.834235740901902334e-01 4.972485597152525444e-02
1.478957915831663250e+01 -3.519522662832392790e-01 3.191536005230312389e-02
1.482965931863727427e+01 -3.182662120277450213e-01 1.920526579129079939e-02
1.486973947895791603e+01 -2.829165529122905087e-01 1.104580201068296706e-02
1.490981963927855602e+01 -2.477129509272365804e-01 6.449375715053742159e-03
1.494989979959919779e+01 -2.147320393020051288e-01 4.279947360086721816e-03
1.498997995991983956e+01 -1.852211283685425425e-01 3.578586560043895293e-03
1.503006012024047955e+01 -1.590948412327168604e-01 3.678224141072348151e-03
1.507014028056112132e+01 -1.352962186671858025e-01 4.172722782887773943e-03
1.511022044088176308e+01 -1.127312036933795503e-01 4.866297203116150966e-03
1.515030060120240485e+01 -9.122797359147535867e-02 5.730873316516929897e-03
1.519038076152304484e+01 -7.158056801381149081e-02 6.847440820484227211e-03
1.523046092184368661e+01 -5.525435340331361772e-02 8.334543854444586078e-03
1.527054108216432837e+01 -4.353849004660285266e-02 1.026780481270040714e-02
1.531062124248497014e+01 -3.685463181732475529e-02 1.258785478979359933e-02
1.535070140280561013e+01 -3.466239774343776031e-02 1.503619920133803141e-02
1.539078156312625190e+01 -3.594009275227005168e-02 1.720152307556978635e-02
1.543086172344689366e+01 -3.988970822953076534e-02 1.869739929708085988e-02
1.547094188376753365e+01 -4.640784575532673484e-02 1.936055607342957591e-02
1.551102204408817542e+01 -5.605231552837487696e-02 1.930945802587625409e-02
1.555110220440881719e+01 -6.957658354561992164e-02 1.881302957796781791e-02
1.559118236472945895e+01 -8.736517155356116060e-02 1.808867855506084837e-02
1.563126252505009894e+01 -1.091248597967769546e-01 1.720828899239887702e-02
1.567134268537074071e+01 -1.339938066977732489e-01 1.616807341340136331e-02
1.571142284569138248e+01 -1.609600998926951354e-01 1.500543892346726041e-02
1.575150300601202424e+01 -1.893063216177506836e-01 1.383505079721403068e-02
1.579158316633266423e+01 -2.188078065040289510e-01 1.280196421613305144e-02
1.583166332665330600e+01 -2.495948202359757062e-01 1.201727667263696384e-02
1.587174348697394777e+01 -2.818050195757766940e-01 1.150497617347881647e-02
1.591182364729458776e+01 -3.152636441730121142e-01 1.115997366787617462e-02
1.595190380761522952e+01 -3.493832726249893605e-01 1.075596388213281851e-02
1.599198396793587129e+01 -3.833207583284920505e-01 1.005068069796886780e-02
1.603206412825651128e+01 -4.162724647598439742e-01 8.938496171785577718e-03
1.607214428857715305e+01 -4.477157288963698467e-01 7.520827082956743799e-03
1.611222444889779482e+01 -4.774616358379141778e-01 6.032607518225575026e-03
1.615230460921843658e+01 -5.055139307062666010e-01 4.694363762660862423e-03
1.619238476953907835e+01 -5.318474671828875566e-01 3.606231927765436631e-03
1.623246492985972012e+01 -5.562495452921223382e-01 2.745489943314578622e-03
1.627254509018035833e+01 -5.783117638457030418e-01 2.043328831118704312e-03
1.631262525050100010e+01 -5.975585830356617834e-01 1.459267834024955855e-03
1.635270541082164186e+01 -6.136164496587261930e-01 9.934367828768678188e-04
1.639278557114228363e+01 -6.263184205681082695e-01 6.544706271325358843e-04
1.643286573146292540e+01 -6.356922340754381784e-01 4.341098033464544227e-04
1.647294589178356716e+01 -6.418588701286034315e-01 3.077282333675303294e-04
1.651302605210420893e+01 -6.449130750454936667e-01 2.467113542031357785e-04
1.655310621242485070e+01 -6.448597218344170878e-01 2.264680591665274860e-04
1.659318637274548891e+01 -6.416331462821427412e-01 2.266823394179029861e-04
1.663326653306613068e+01 -6.351723541182923150e-01 2.292797875493096053e-04
1.667334669338677244e+01 -6.254964594299627922e-01 2.199087358162844449e-04
1.671342685370741421e+01 -6.127365500369199580e-01 1.929273259737714313e-04
1.675350701402805598e+01 -5.971137286190960625e-01 1.540975013991479888e-04
1.679358717434869774e+01 -5.788813087164103033e-01 1.162890477561367297e-04
1.683366733466933951e+01 -5.582713748033947265e-01 9.104219629207010913e-05
1.687374749498997772e+01 -5.354773756755198955e-01 8.381017502098385647e-05
1.691382765531061949e+01 -5.106799711252844043e-01 9.580602996239635783e-05
1.695390781563126126e+01 -4.840920682910701545e-01 1.262996044065772957e-04
1.699398797595190302e+01 -4.559929873726457084e-01 1.696518424117311036e-04
1.703406813627254479e+01 -4.267278565997122408e-01 2.119547945813293462e-04
1.707414829659318656e+01 -3.966662854749531952e-01 2.361477257948761319e-04
1.711422845691382832e+01 -3.661435863585066897e-01 2.340505035105170772e-04
1.715430861723446654e+01 -3.354266887131938102e-01 2.129399245263678588e-04
1.719438877755510831e+01 -3.047381419088939225e-01 1.885332029358592306e-04
1.723446893787575007e+01 -2.743284137115671872e-01 1.713291156893420977e-04
1.727454909819639184e+01 -2.445512472064456655e-01 1.601278615122267174e-04
1.731462925851703361e+01 -2.158810163343179711e-01 1.471649827612277596e-04
1.735470941883767537e+01 -1.888385239636781454e-01 1.273030689422969641e-04
1.739478957915831714e+01 -1.638506325749318759e-01 1.026983818625280739e-04
1.743486973947895891e+01 -1.411332327431805422e-01 8.097850809851513511e-05
1.747494989979959712e+01 -1.206947743849518251e-01 6.961738327680701505e-05
1.751503006012023889e+01 -1.024851444123543037e-01 7.038237734323450384e-05
1.755511022044088065e+01 -8.661013576371087708e-02 7.880131285395700796e-05
1.759519038076152242e+01 -7.346255274689707238e-02 9.247953799069572771e-05
1.763527054108216419e+01 -6.365117490770343112e-02 1.260643625211933805e-04
1.767535070140280595e+01 -5.772899867229247528e-02 2.238052518429623535e-04
1.771543086172344772e+01 -5.587723066415824225e-02 4.545550376214254392e-04
1.775551102204408593e+01 -5.776865315000247886e-02 8.740927371898262518e-04
1.779559118236472770e+01 -6.274448641618758649e-02 1.471096563115665504e-03
1.783567134268536947e+01 -7.022945281629772163e-02 2.163406992021174938e-03
1.787575150300601123e+01 -8.012392138434329403e-02 2.885587135431213774e-03
1.791583166332665300e+01 -9.288997349000883974e-02 3.701854721405394271e-03
1.795591182364729477e+01 -1.092224791390249278e-01 4.850782911371111054e-03
1.799599198396793653e+01 -1.294802333478081158e-01 6.693567073454875956e-03
1.803607214428857475e+01 -1.532491025323014788e-01 9.548398121962339141e-03
1.807615230460921651e+01 -1.793682165244575855e-01 1.343886730130775323e-02
1.811623246492985828e+01 -2.064570154719601869e-01 1.799685956056065045e-02
1.815631262525050005e+01 -2.336317078501446431e-01 2.278490011003395446e-02
1.819639278557114181e+01 -2.609351419512722092e-01 2.787028109804767437e-02
1.823647294589178358e+01 -2.891584270613906105e-01 3.419276819666553641e-02
1.827655310621242535e+01 -3.191260622257899859e-01 4.346972978984902508e-02
1.831663326653306711e+01 -3.508934176124979820e-01 5.751479568693922823e-02
1.835671342685370533e+01 -3.834068602923094149e-01 7.700539201178327464e-02
1.839679358717434710e+01 -4.148953824027157289e-01 1.005359162514570942e-01
1.843687374749498886e+01 -4.437790321378789482e-01 1.252705844823189529e-01
1.847695390781563063e+01 -4.695086640205516915e-01 1.491550334481825668e-01
1.851703406813627240e+01 -4.927687114315099648e-01 1.727999159273040652e-01
1.855711422845691416e+01 -5.148768036625457345e-01 1.993555796156870064e-01
1.859719438877755593e+01 -5.367515998854335280e-01 2.322929938474358469e-01
1.863727454909819414e+01 -5.581274990216358312e-01 2.722194866785984102e-01
1.867735470941883591e+01 -5.775507650439135610e-01 3.148981505722429630e-01
1.871743486973947768e+01 -5.931852278498060960e-01 3.528320179058888062e-01
1.875751503006011944e+01 -6.039094960700939207e-01 3.800541256807781765e-01
1.879759519038076121e+01 -6.099837091165863923e-01 3.960363926375347621e-01
1.883767535070140298e+01 -6.128342351659886722e-01 4.051573918714838629e-01
1.887775551102204474e+01 -6.140908369606510320e-01 4.126101822294341304e-01
1.891783567134268296e+01 -6.145063327619758597e-01 4.202351417362995001e-01
1.895791583166332472e+01 -6.134696404515435075e-01 4.250127619928806832e-01
1.899799599198396649e+01 -6.094307325464569658e-01 4.212268103892350957e-01
1.903807615230460826e+01 -6.009530082665190953e-01 4.049087697072142333e-01
1.907815631262525002e+01 -5.876978616229950880e-01 3.768365831019174772e-01
1.911823647294589179e+01 -5.706937997448544575e-01 3.415010016674795423e-01
1.915831663326653356e+01 -5.517274225826630518e-01 3.036587861537379807e-01
1.919839679358717532e+01 -5.322702675153064833e-01 2.658864710822532174e-01
1.923847695390781354e+01 -5.126533048332707621e-01 2.284931401191922506e-01
1.927855711422845530e+01 -4.920167477710867265e-01 1.910043031532074609e-01
1.931863727454909707e+01 -4.690444797472844152e-01 1.538036559503613565e-01
1.935871743486973884e+01 -4.429778867214202442e-01 1.186368992180564658e-01
1.939879759519038060e+01 -4.142378346339850581e-01 8.770508618513189747e-02
1.943887775551102237e+01 -3.842681666410477925e-01 6.246233108262565920e-02
1.947895791583166414e+01 -3.547360675697037169e-01 4.322590830165427139e-02
1.951903807615230235e+01 -3.266376536603677883e-01 2.952459737998497716e-02
1.955911823647294412e+01 -2.998873534760260195e-01 2.053788010109781903e-02
1.959919839679358589e+01 -2.736311500777200978e-01 1.530475313898542813e-02
1.963927855711422765e+01 -2.470375194714246048e-01 1.278147378533365901e-02
1.967935871743486942e+01 -2.200247609432258999e-01 1.193508589636826239e-02
1.971943887775551119e+01 -1.934567173889568392e-01 1.190985416083502335e-02
1.975951903807615295e+01 -1.687158077544271273e-01 1.213629867823517658e-02
1.979959919839679117e+01 -1.469687554903751359e-01 1.231662465159065641e-02
1.983967935871743293e+01 -1.286125209542942349e-01 1.237020140794013040e-02
1.987975951903807470e+01 -1.132417121671183136e-01 1.240625465864320966e-02
1.991983967935871647e+01 -1.001170492900596842e-01 1.268523104074876715e-02
1.995991983967935823e+01 -8.879465365108592245e-02 1.351990310810859304e-02
2.000000000000000000e+01 -7.949560174773340204e-02 1.516147054554352162e-02
