# time correlation overlap_with_initial
0.000000000000000000e+00 1.000000000000000000e+00 1.000000000000000000e+00
4.008016032064128098e-02 9.935846384729086767e-01 9.714758703405387275e-01
8.016032064128256196e-02 9.744617714726723223e-01 8.904427871101607828e-01
1.202404809619238429e-01 9.429977251750336631e-01 7.693981944952408281e-01
1.603206412825651239e-01 8.997911532139795110e-01 6.257943220301901421e-01
2.004008016032063910e-01 8.456560765392453494e-01 4.780985528343020263e-01
2.404809619238476859e-01 7.816001339734099940e-01 3.420918288233972260e-01
2.805611222444889807e-01 7.087957583006423423e-01 2.283712327939287634e-01
3.206412825651302478e-01 6.285498920629843944e-01 1.415314879910096468e-01
3.607214428857715149e-01 5.422688898445260364e-01 8.090720755361850702e-02
4.008016032064127820e-01 4.514248837535723147e-01 4.230989143677359177e-02
4.408817635270541047e-01 3.575199875845950781e-01 2.002161675243973107e-02
4.809619238476953718e-01 2.620541805167678762e-01 8.450526322599358556e-03
5.210420841683366389e-01 1.664911565941107341e-01 3.119174047699540663e-03
5.611222444889779615e-01 7.223232915788492525e-02 9.792572336095118138e-04
6.012024048096191731e-01 -1.940681986082171476e-02 2.509809887286273858e-04
6.412825651302604957e-01 -1.072210983938492873e-01 4.920003365787836756e-05
6.813627254509018183e-01 -1.901284997249925723e-01 6.587110325815197295e-06
7.214428857715430299e-01 -2.671811288141759388e-01 4.774694905336860814e-07
7.615230460921843525e-01 -3.375741434963680510e-01 9.665471728428507563e-09
8.016032064128255641e-01 -4.006486013252179568e-01 4.915878274209314355e-12
8.416833667334668867e-01 -4.558891481378424815e-01 8.064534114171693769e-12
8.817635270541082093e-01 -5.029234461077883855e-01 2.603352188110202514e-11
9.218436873747494209e-01 -5.415144575498217483e-01 2.119489629095876127e-10
9.619238476953907435e-01 -5.715527993368175741e-01 7.214568035184316541e-11
1.002004008016031955e+00 -5.930488159214569732e-01 3.389913712871784263e-09
1.042084168336673278e+00 -6.061216794257170415e-01 6.417712182443035289e-09
1.082164328657314600e+00 -6.109894907827305710e-01 3.880548334142960093e-12
1.122244488977955923e+00 -6.079591751094953755e-01 4.580386601499943946e-08
1.162324649298597246e+00 -5.974164577490275185e-01 2.727357546780723691e-07
1.202404809619238346e+00 -5.798159422992091860e-01 5.940774158651188772e-07
1.242484969939879669e+00 -5.556728556375954975e-01 5.187485579008136793e-07
1.282565130260520991e+00 -5.255547851774488022e-01 1.114781382208435271e-08
1.322645290581162314e+00 -4.900739618838406697e-01 1.613547247504816243e-06
1.362725450901803637e+00 -4.498794495514537028e-01 1.177077569945964419e-05
1.402805611222444737e+00 -4.056507995662760324e-01 3.768593519923385879e-05
1.442885771543086060e+00 -3.580913408825946997e-01 7.836411577748125432e-05
1.482965931863727382e+00 -3.079240312864774398e-01 1.154863477709804553e-04
1.523046092184368705e+00 -2.558817527940286385e-01 1.169329406028520469e-04
1.563126252505010028e+00 -2.027025447811046099e-01 6.442870358960979223e-05
1.603206412825651128e+00 -1.491233937017466260e-01 2.398613936236605889e-06
1.643286573146292451e+00 -9.587333400582499776e-02 8.189401747913792762e-05
1.683366733466933773e+00 -4.366527119995625844e-02 5.570797386864699942e-04
1.723446893787575096e+00 6.811270565451719647e-03 1.701011965900031935e-03
1.763527054108216419e+00 5.489640385772046050e-02 3.648516998801008566e-03
1.803607214428857741e+00 9.996985094925256443e-02 6.229459965003396327e-03
1.843687374749498842e+00 1.414573060818377082e-01 8.895161569159740558e-03
1.883767535070140164e+00 1.788389045064106009e-01 1.082482381077553776e-02
1.923847695390781487e+00 2.116548402342051660e-01 1.122233433196913842e-02
1.963927855711422810e+00 2.395139501221993372e-01 9.705589079769504079e-03
2.004008016032063910e+00 2.620992644357536538e-01 6.609202938142427243e-03
2.044088176352705233e+00 2.791723068457575563e-01 3.017162022275233623e-03
2.084168336673346555e+00 2.905778665414348594e-01 4.498808879560147562e-04
2.124248496993987878e+00 2.962448199854869624e-01 2.915715576725742613e-04
2.164328657314629201e+00 2.961902522746812649e-01 3.189637721881049669e-03
2.204408817635270523e+00 2.905161046108989953e-01 8.703436073827501562e-03
2.244488977955911846e+00 2.794093855208208410e-01 1.538504954053018271e-02
2.284569138276553169e+00 2.631374711159836788e-01 2.128339478784351674e-02
2.324649298597194491e+00 2.420438578864664847e-01 2.466403355415216700e-02
2.364729458917835370e+00 2.165415788650894291e-01 2.463417483027449673e-02
2.404809619238476692e+00 1.871050174718957293e-01 2.140927370218271772e-02
2.444889779559118015e+00 1.542624301321519620e-01 1.613065849872862001e-02
2.484969939879759337e+00 1.185855173153482073e-01 1.034817089807853543e-02
2.525050100200400660e+00 8.067899373046091838e-02 5.423226606675961813e-03
2.565130260521041983e+00 4.117009613189997336e-02 2.109751010451808243e-03
2.605210420841683305e+00 6.983214988026732219e-04 4.563379919146691812e-04
2.645290581162324628e+00 -4.009642430239733490e-02 3.840679748272655820e-06
2.685370741482965951e+00 -8.058413350404944331e-02 1.250966109757088783e-04
2.725450901803607273e+00 -1.201534711179247372e-01 3.227052998834977621e-04
2.765531062124248596e+00 -1.582232704713612548e-01 3.664113322242159914e-04
2.805611222444889474e+00 -1.942494099575918509e-01 2.598751775070963304e-04
2.845691382765530797e+00 -2.277326360509074887e-01 1.130158527390793692e-04
2.885771543086172120e+00 -2.582250754979064644e-01 1.935678336681956527e-05
2.925851703406813442e+00 -2.853362463869721921e-01 1.298311580277545166e-06
2.965931863727454765e+00 -3.087350894454768957e-01 2.556114885880002679e-05
3.006012024048096087e+00 -3.281563824504769022e-01 4.921325436504441311e-05
3.046092184368737410e+00 -3.433994175070305133e-01 5.261252263647704154e-05
3.086172344689378733e+00 -3.543299347402467103e-01 4.154477107403892265e-05
3.126252505010020055e+00 -3.608805272371093942e-01 3.029156013602710848e-05
3.166332665330661378e+00 -3.630491762877987028e-01 2.861913493307534159e-05
3.206412825651302256e+00 -3.608963305516025843e-01 4.498479436072584019e-05
3.246492985971943579e+00 -3.545431238418613185e-01 9.916342847713715224e-05
3.286573146292584902e+00 -3.441683443582996826e-01 2.275743050547148871e-04
3.326653306613226224e+00 -3.300031325738945198e-01 4.712978739734533656e-04
3.366733466933867547e+00 -3.123271279272992751e-01 8.529944642316608563e-04
3.406813627254508869e+00 -2.914638802905412662e-01 1.360058275468890680e-03
3.446893787575150192e+00 -2.677750509447240912e-01 1.948715734737815680e-03
3.486973947895791515e+00 -2.416547357940431739e-01 2.569221402245018115e-03
3.527054108216432837e+00 -2.135236809228434340e-01 3.198905805183510295e-03
3.567134268537074160e+00 -1.838228660048571994e-01 3.866632239871492082e-03
3.607214428857715482e+00 -1.530079088851329927e-01 4.661843606743614268e-03
3.647294589178356361e+00 -1.215423770063439324e-01 5.731920610198591032e-03
3.687374749498997684e+00 -8.989093991759154745e-02 7.274356167498891544e-03
3.727454909819639006e+00 -5.851314744023876357e-02 9.521720263256899797e-03
3.767535070140280329e+00 -2.785779157735212425e-02 1.270713383577280059e-02
3.807615230460921651e+00 1.644184498597189500e-03 1.699720409922378730e-02
3.847695390781562974e+00 2.958543853979779190e-02 2.239917873481540173e-02
3.887775551102204297e+00 5.558765916174032706e-02 2.867536278659737342e-02
3.927855711422845619e+00 7.930699257996645657e-02 3.531299983122826447e-02
3.967935871743486942e+00 1.004385009745307339e-01 4.158705616661066695e-02
4.008016032064127820e+00 1.187213002451490973e-01 4.671863668278726511e-02
4.048096192384769587e+00 1.339416455324753952e-01 5.007674205800094480e-02
4.088176352705410466e+00 1.459354421445069883e-01 5.135039623717126134e-02
4.128256513026052232e+00 1.545906589363365558e-01 5.062122478169393119e-02
4.168336673346693111e+00 1.598488158395187098e-01 4.831213298160176584e-02
4.208416833667334878e+00 1.617045353144346831e-01 4.504123291990582562e-02
4.248496993987975756e+00 1.602058512245386201e-01 4.144082847471478037e-02
4.288577154308616635e+00 1.554523022218476103e-01 3.801087428487490844e-02
4.328657314629258401e+00 1.475917679933803073e-01 3.503835975405489300e-02
4.368737474949899280e+00 1.368183401110328046e-01 3.258053809367583709e-02
4.408817635270541047e+00 1.233673767172090291e-01 3.049558513710244265e-02
4.448897795591181925e+00 1.075109700043199862e-01 2.849969896048626383e-02
4.488977955911823692e+00 8.955193498952289388e-02 2.624816827837181052e-02
4.529058116232464570e+00 6.981892713073441226e-02 2.344017973061635410e-02
4.569138276553106337e+00 4.865950351040727873e-02 1.993223516229805994e-02
4.609218436873747216e+00 2.643328421413654664e-02 1.582471714790102679e-02
4.649298597194388982e+00 3.506390539773463627e-03 1.147089321622761678e-02
4.689378757515029861e+00 -1.975557519471937001e-02 7.382942262402633453e-03
4.729458917835670739e+00 -4.299436338513619449e-02 4.055978550284346749e-03
4.769539078156312506e+00 -6.586320118558150472e-02 1.783680256772319063e-03
4.809619238476953385e+00 -8.803303540103378511e-02 5.549032712972905507e-04
4.849699398797595151e+00 -1.091974571130910066e-01 8.988439578133731837e-05
4.889779559118236030e+00 -1.290766215364790581e-01 1.867194510882394966e-06
4.929859719438877796e+00 -1.474194011709342722e-01 1.706948723970852272e-08
4.969939879759518675e+00 -1.640072241984579515e-01 2.316813265598669907e-05
5.010020040080160442e+00 -1.786553570856782847e-01 2.307698224568124521e-04
5.050100200400801320e+00 -1.912143110227790543e-01 8.583462681897413137e-04
5.090180360721443087e+00 -2.015701018599964645e-01 2.022438873549369659e-03
5.130260521042083965e+00 -2.096436158769560409e-01 3.589307685579549642e-03
5.170340681362724844e+00 -2.153903877939739586e-01 5.183878139670440414e-03
5.210420841683366611e+00 -2.187994750677344225e-01 6.335807867475794913e-03
5.250501002004007489e+00 -2.198925614278884055e-01 6.682473039567879761e-03
5.290581162324649256e+00 -2.187206063828244229e-01 6.123116672476025882e-03
5.330661322645290134e+00 -2.153633054900454813e-01 4.849148065068916574e-03
5.370741482965931901e+00 -2.099266740845323609e-01 3.247681772182989951e-03
5.410821643286572780e+00 -2.025398069377204180e-01 1.739889408745851291e-03
5.450901803607214546e+00 -1.933537478167173529e-01 6.375679761991134235e-04
5.490981963927855425e+00 -1.825390784848324455e-01 7.790252487867970475e-05
5.531062124248497192e+00 -1.702827905946638631e-01 4.559682278778557138e-05
5.571142284569138070e+00 -1.567865383394769219e-01 4.489399642888327355e-04
5.611222444889778949e+00 -1.422637860131821252e-01 1.202042259119772902e-03
5.651302605210420715e+00 -1.269377463785130722e-01 2.279802793868561210e-03
5.691382765531061594e+00 -1.110386923371735474e-01 3.735084567461945983e-03
5.731462925851703361e+00 -9.480120977646336322e-02 5.680868072296714130e-03
5.771543086172344239e+00 -7.846135788936692279e-02 8.241319661792095505e-03
5.811623246492986006e+00 -6.225456148200339546e-02 1.147284800933408636e-02
5.851703406813626884e+00 -4.641211311620265650e-02 1.526551729817226914e-02
5.891783567134268651e+00 -3.115864046966920070e-02 1.925885060234651391e-02
5.931863727454909530e+00 -1.670876603608076674e-02 2.282546070439695277e-02
5.971943887775551296e+00 -3.264073358176508566e-03 2.517085500672837720e-02
6.012024048096192175e+00 8.989337395071177184e-03 2.555349852100708904e-02
6.052104208416833053e+00 1.988394637719846647e-02 2.356566773743951071e-02
6.092184368737474820e+00 2.927365249934048633e-02 1.936093364369970496e-02
6.132264529058115698e+00 3.703615024617941398e-02 1.371216915234029117e-02
6.172344689378757465e+00 4.307547405094820647e-02 7.842356262852737819e-03
6.212424849699398344e+00 4.732316069527051083e-02 3.070187230230479042e-03
6.252505010020040110e+00 4.974043270480678347e-02 4.011477457840890797e-04
6.292585170340680989e+00 5.031845778318610324e-02 2.258722725480723898e-04
6.332665330661322756e+00 4.907919347396513809e-02 2.241858422803402751e-03
6.372745490981963634e+00 4.607541729038184403e-02 5.616718728369754846e-03
6.412825651302604513e+00 4.138916349763632069e-02 9.308198789336743703e-03
6.452905811623246279e+00 3.513121729920361258e-02 1.240177661180470563e-02
6.492985971943887158e+00 2.743852255393150127e-02 1.433927324404732362e-02
6.533066132264528925e+00 1.847177804677088697e-02 1.497986462997277952e-02
6.573146292585169803e+00 8.412153953602303363e-03 1.451337964089356725e-02
6.613226452905811570e+00 -2.541991822095300210e-03 1.329801147732953374e-02
6.653306613226452448e+00 -1.417938431330152162e-02 1.170417675142585053e-02
6.693386773547094215e+00 -2.628038717182692996e-02 1.001423453422438554e-02
6.733466933867735094e+00 -3.862113923604262866e-02 8.389341635427182906e-03
6.773547094188376860e+00 -5.097836324837276556e-02 6.887217500358483978e-03
6.813627254509017739e+00 -6.313385521441713943e-02 5.504010119393111869e-03
6.853707414829658617e+00 -7.487883191968675023e-02 4.219749519406670521e-03
6.893787575150300384e+00 -8.601808714690879765e-02 3.033681925127623691e-03
6.933867735470941263e+00 -9.637362037346693111e-02 1.980037275972659251e-03
6.973947895791583029e+00 -1.057877041202098939e-01 1.119279111487383929e-03
7.014028056112223908e+00 -1.141254223072159374e-01 5.071225443653686873e-04
7.054108216432865675e+00 -1.212764442254000985e-01 1.571184978376515917e-04
7.094188376753506553e+00 -1.271564359233710029e-01 2.025603107411295563e-05
7.134268537074148320e+00 -1.317073337778274789e-01 3.701229921007322111e-07
7.174348697394789198e+00 -1.348970101419237622e-01 4.163547542936039077e-06
7.214428857715430965e+00 -1.367186890672837662e-01 3.206981042065008729e-07
7.254509018036071843e+00 -1.371889892663156196e-01 5.006752008414433024e-05
7.294589178356712722e+00 -1.363462233420052738e-01 2.835220093060144284e-04
7.334669338677354489e+00 -1.342482173118803024e-01 8.277837817992503506e-04
7.374749498997995367e+00 -1.309692517348088892e-01 1.724833715762738844e-03
7.414829659318637134e+00 -1.265977658689734220e-01 2.887944018667314150e-03
7.454909819639278012e+00 -1.212326564058160694e-01 4.125925685328266264e-03
7.494989979959919779e+00 -1.149808725591419944e-01 5.224050476751498570e-03
7.535070140280560658e+00 -1.079555818246820675e-01 6.038461866706500147e-03
7.575150300601202424e+00 -1.002729965820408631e-01 6.555416664164529471e-03
7.615230460921843303e+00 -9.205070413938101770e-02 6.892419400788612691e-03
7.655310621242485070e+00 -8.340581372081952438e-02 7.255119300053015398e-03
7.695390781563125948e+00 -7.445368983151967601e-02 7.886842427968153782e-03
7.735470941883766827e+00 -6.530782485130232073e-02 9.035971601392030206e-03
7.775551102204408593e+00 -5.607953595380416739e-02 1.093476194894508341e-02
7.815631262525049472e+00 -4.687726901416553599e-02 1.375603592662776042e-02
7.855711422845691239e+00 -3.780637291305981307e-02 1.752268988295224705e-02
7.895791583166332117e+00 -2.897054381175087276e-02 2.198730378108819730e-02
7.935871743486973884e+00 -2.047221532917947381e-02 2.655044924111517671e-02
7.975951903807614762e+00 -1.241279828948542094e-02 3.030542926201470685e-02
8.016032064128255641e+00 -4.892187328552219383e-03 3.225428541657281850e-02
8.056112224448897408e+00 1.990530839087258780e-03 3.164873099172225285e-02
8.096192384769539174e+00 8.137028523167420119e-03 2.831750167928868619e-02
8.136272545090179165e+00 1.345042882775981767e-02 2.281449541205335385e-02
8.176352705410820931e+00 1.783639557405055850e-02 1.628296587676991355e-02
8.216432865731462698e+00 2.120454730514236691e-02 1.006446200061714320e-02
8.256513026052104465e+00 2.347201208052607929e-02 5.219143977619247581e-03
8.296593186372744455e+00 2.456219277749449245e-02 2.181986034138620224e-03
8.336673346693386222e+00 2.441084234318826804e-02 7.245050026444938528e-04
8.376753507014027988e+00 2.296764415130314943e-02 2.392699096145381129e-04
8.416833667334669755e+00 2.019898867541424642e-02 1.970859163210688281e-04
8.456913827655309746e+00 1.609189420516896410e-02 5.353033385175360453e-04
8.496993987975951512e+00 1.065612833783545314e-02 1.767625630205916631e-03
8.537074148296593279e+00 3.927796698350065167e-03 4.748924784744994534e-03
8.577154308617233269e+00 -4.029639507801592233e-03 1.020535256629814640e-02
8.617234468937875036e+00 -1.312327502356017486e-02 1.825913912786350859e-02
8.657314629258516803e+00 -2.322923244988106539e-02 2.817953464498562655e-02
8.697394789579158569e+00 -3.419479554701575219e-02 3.848034390031751517e-02
8.737474949899798560e+00 -4.583818078788168271e-02 4.732687330789371594e-02
8.777555110220440326e+00 -5.795120597429627429e-02 5.307686387929569372e-02
8.817635270541082093e+00 -7.030197907500158883e-02 5.474459818727513138e-02
8.857715430861723860e+00 -8.264061351212277640e-02 5.222475639536293401e-02
8.897795591182363850e+00 -9.470425844452728947e-02 4.623052497600080996e-02
8.937875751503005617e+00 -1.062209345264437665e-01 3.801286635358000487e-02
8.977955911823647384e+00 -1.169201474942953151e-01 2.898605992501575301e-02
9.018036072144287374e+00 -1.265368347713795583e-01 2.039664411957749918e-02
9.058116232464929141e+00 -1.348197920487177459e-01 1.311459878303981690e-02
9.098196392785570907e+00 -1.415388293892226867e-01 7.568991664249864922e-03
9.138276553106212674e+00 -1.464921722718325603e-01 3.796634977839476611e-03
9.178356713426852664e+00 -1.495126115111354570e-01 1.554929801518539073e-03
9.218436873747494431e+00 -1.504723338614776529e-01 4.508596936841306052e-04
9.258517034068136198e+00 -1.492885306369090004e-01 5.708705142948495605e-05
9.298597194388777964e+00 -1.459257568404239147e-01 1.714014625038704776e-06
9.338677354709417955e+00 -1.403985868449398600e-01 2.841872900595119130e-05
9.378757515030059722e+00 -1.327718649312301380e-01 2.294946054936175271e-05
9.418837675350701488e+00 -1.231605769965037761e-01 1.169752647272373075e-07
9.458917835671341479e+00 -1.117259902708479524e-01 4.803351802122992134e-05
9.498997995991983245e+00 -9.867321347747490257e-02 2.400856037052987672e-04
9.539078156312625012e+00 -8.424691900205454054e-02 5.482249407882208063e-04
9.579158316633266779e+00 -6.872387765950881133e-02 8.107868353920104224e-04
9.619238476953906769e+00 -5.240664159239046688e-02 8.058011518776860786e-04
9.659318637274548536e+00 -3.561600965478831093e-02 4.438372512991534558e-04
9.699398797595190302e+00 -1.868521208079020751e-02 2.447439282349893178e-05
9.739478957915832069e+00 -1.947952292152899285e-03 4.295434362659007960e-04
9.779559118236472059e+00 1.426703000842985403e-02 3.096366049897367190e-03
9.819639278557113826e+00 2.964233494583263379e-02 9.666841213233776792e-03
9.859719438877755593e+00 4.388186403757735055e-02 2.134192868386520017e-02
9.899799599198395583e+00 5.671658149351180983e-02 3.814155734511653906e-02
9.939879759519037350e+00 6.790744906664218650e-02 5.839201231449973190e-02
9.979959919839679117e+00 7.725089711521324065e-02 7.874849724870117140e-02
1.002004008016032088e+01 8.458420767234449411e-02 9.489380271641638387e-02
1.006012024048096087e+01 8.978563013381321567e-02 1.027721046539448874e-01
1.010020040080160264e+01 9.277378025890602176e-02 9.995033309568776558e-02
1.014028056112224441e+01 9.351043566331024293e-02 8.658473592356039084e-02
1.018036072144288617e+01 9.199992841306350866e-02 6.556804476123111181e-02
1.022044088176352616e+01 8.828368551802687203e-02 4.174369047859340792e-02
1.026052104208416793e+01 8.243998832199400661e-02 2.044792545197433517e-02
1.030060120240480970e+01 7.458152361240823203e-02 5.913287652636350054e-03
1.034068136272544969e+01 6.485116180052886981e-02 1.217858960605729910e-04
1.038076152304609145e+01 5.341680253508677284e-02 2.491433868323845481e-03
1.042084168336673322e+01 4.047058650670014301e-02 1.043103729163153033e-02
1.046092184368737499e+01 2.622263879568195732e-02 2.045960403527341195e-02
1.050100200400801498e+01 1.089905172487832738e-02 2.940642152037250059e-02
1.054108216432865675e+01 -5.262089087398190423e-03 3.525463412024746473e-02
1.058116232464929851e+01 -2.201241900535729629e-02 3.740850175254709781e-02
1.062124248496994028e+01 -3.909793419555886163e-02 3.643374788950243248e-02
1.066132264529058027e+01 -5.626116678061108406e-02 3.351239975240969532e-02
1.070140280561122204e+01 -7.324036045821752383e-02 2.989314422683935629e-02
1.074148296593186380e+01 -8.977703383011738369e-02 2.653407624872390624e-02
1.078156312625250379e+01 -1.056139349553729956e-01 2.398237650247520350e-02
1.082164328657314556e+01 -1.204972794899090149e-01 2.242164401658142125e-02
1.086172344689378733e+01 -1.341815406668668276e-01 2.177529769339834470e-02
1.090180360721442909e+01 -1.464312380056858043e-01 2.179239734256025601e-02
1.094188376753506908e+01 -1.570213235633199089e-01 2.210184019005900780e-02
1.098196392785571085e+01 -1.657434243007210595e-01 2.226555772481765907e-02
1.102204408817635262e+01 -1.724077922620820269e-01 2.186077807269944107e-02
1.106212424849699438e+01 -1.768473472074572062e-01 2.058592338878666161e-02
1.110220440881763437e+01 -1.789218470018968943e-01 1.835513007382635203e-02
1.114228456913827614e+01 -1.785217481333066514e-01 1.533320760871662719e-02
1.118236472945891791e+01 -1.755735580991443223e-01 1.188821928860411999e-02
1.122244488977955790e+01 -1.700426063326841153e-01 8.477244856019106392e-03
1.126252505010019966e+01 -1.619386981922529001e-01 5.509377014764015729e-03
1.130260521042084143e+01 -1.513181291637100134e-01 3.240205803959343451e-03
1.134268537074148320e+01 -1.382868184862343919e-01 1.729896413621880534e-03
1.138276553106212319e+01 -1.230014314982441209e-01 8.733123351099220198e-04
1.142284569138276495e+01 -1.056713613160794180e-01 4.817131951526976456e-04
1.146292585170340672e+01 -8.655637056831474996e-02 3.893587229717467273e-04
1.150300601202404849e+01 -6.596448422047000715e-02 5.604183323854335487e-04
1.154308617234468848e+01 -4.424747146162140432e-02 1.180970321207661100e-03
1.158316633266533024e+01 -2.179742995699024410e-02 2.728139632171284155e-03
1.162324649298597201e+01 9.638244716394144332e-04 6.003782779934351520e-03
1.166332665330661200e+01 2.359184774576571220e-02 1.211166398519193839e-02
1.170340681362725377e+01 4.562857087210434037e-02 2.234769511559110688e-02
1.174348697394789554e+01 6.661578170923197761e-02 3.797068397597736650e-02
1.178356713426853730e+01 8.610574297305287339e-02 5.985275835949911694e-02
1.182364729458917729e+01 1.036741462909244876e-01 8.804960536353038936e-02
1.186372745490981906e+01 1.189289064822829090e-01 1.214038051489371300e-01
1.190380761523046083e+01 1.315265410772336330e-01 1.573298875763894378e-01
1.194388777555110259e+01 1.411787853159233719e-01 1.919435295097610128e-01
1.198396793587174258e+01 1.476616592375626091e-01 2.206123376451104567e-01
1.202404809619238435e+01 1.508228837254378951e-01 2.388771847808679738e-01
1.206412825651302612e+01 1.505884483040969279e-01 2.435237297452739758e-01
1.210420841683366611e+01 1.469615319606697723e-01 2.334768053299025314e-01
1.214428857715430787e+01 1.400253871963071106e-01 2.101981526682715207e-01
1.218436873747494964e+01 1.299401251395042589e-01 1.774004164613578738e-01
1.222444889779559141e+01 1.169365274270130900e-01 1.401356461851069324e-01
1.226452905811623140e+01 1.013106048230367484e-01 1.035427954945448287e-01
1.230460921843687316e+01 8.341381373532200105e-02 7.168231134638873570e-02
1.234468937875751493e+01 6.364386161951446352e-02 4.682305067908494600e-02
1.238476953907815670e+01 4.243304371862272051e-02 2.936304091290734691e-02
1.242484969939879669e+01 2.023483082449320514e-02 1.831206115175203208e-02
1.246492985971943845e+01 -2.484245949778966789e-03 1.204305630582375164e-02
1.250501002004008022e+01 -2.526183446616968656e-02 8.979759563535038430e-03
1.254509018036072021e+01 -4.764739800506611472e-02 7.975907716050984961e-03
1.258517034068136198e+01 -6.921335589002056143e-02 8.342752053671536119e-03
1.262525050100200374e+01 -8.956328041054097133e-02 9.648684139296028958e-03
1.266533066132264551e+01 -1.083409894720350208e-01 1.149366845595025527e-02
1.270541082164328550e+01 -1.252344780064073571e-01 1.341221250855754478e-02
1.274549098196392727e+01 -1.399823899705702479e-01 1.493826751445994153e-02
1.278557114228456904e+01 -1.523746617604204157e-01 1.575368633045478098e-02
1.282565130260520903e+01 -1.622550677868506708e-01 1.580217010354025009e-02
1.286573146292585079e+01 -1.695210676277209838e-01 1.529408614383280171e-02
1.290581162324649256e+01 -1.741227611121166086e-01 1.460937054560865547e-02
1.294589178356713433e+01 -1.760597326592403533e-01 1.416801736424634119e-02
1.298597194388777432e+01 -1.753782102236391693e-01 1.433990311091358841e-02
1.302605210420841608e+01 -1.721690582122719637e-01 1.541399352806627036e-02
1.306613226452905785e+01 -1.665626366844920603e-01 1.759142363705623255e-02
1.310621242484969962e+01 -1.587242791898173799e-01 2.094302459101598374e-02
1.314629258517033961e+01 -1.488509065906545858e-01 2.531205915539670379e-02
1.318637274549098137e+01 -1.371667512729551897e-01 3.020386855272890608e-02
1.322645290581162314e+01 -1.239192066423363547e-01 3.475474186568049823e-02
1.326653306613226313e+01 -1.093733281925609591e-01 3.785768120588713787e-02
1.330661322645290490e+01 -9.381041592224695358e-02 3.845176532533673558e-02
1.334669338677354666e+01 -7.752279165900219371e-02 3.589028494175609124e-02
1.338677354709418843e+01 -6.080996398090998678e-02 3.023867647371622155e-02
1.342685370741482842e+01 -4.397424801876032019e-02 2.236726374148692922e-02
1.346693386773547019e+01 -2.731940210724382104e-02 1.378223541105373304e-02
1.350701402805611195e+01 -1.114377686575095810e-02 6.248523830519076873e-03
1.354709418837675372e+01 4.262367130948974299e-03 1.338286010476280813e-03
1.358717434869739371e+01 1.862006570134005709e-02 5.997863646708517907e-05
1.362725450901803548e+01 3.166663703719668072e-02 2.677951039235106946e-03
1.366733466933867724e+01 4.316093027218435851e-02 8.744883801809016921e-03
1.370741482965931723e+01 5.288574760826311727e-02 1.729521581048120912e-02
1.374749498997995900e+01 6.065217130583462624e-02 2.710409178491656954e-02
1.378757515030060077e+01 6.630499493416658341e-02 3.692532733331983091e-02
1.382765531062124253e+01 6.972435509747239302e-02 4.565196279604145230e-02
1.386773547094188253e+01 7.082951516043198281e-02 5.239783999831461314e-02
1.390781563126252429e+01 6.958117387918251462e-02 5.652246478602054869e-02
1.394789579158316606e+01 6.598356279132834568e-02 5.763959399669489614e-02
1.398797595190380783e+01 6.008415134249406320e-02 5.563396516605869507e-02
1.402805611222444782e+01 5.197457469524517648e-02 5.069641026542775347e-02
1.406813627254508958e+01 4.178861667743952873e-02 4.335022437545255070e-02
1.410821643286573135e+01 2.970092782535235093e-02 3.443732578051795362e-02
1.414829659318637134e+01 1.592355784009497760e-02 2.502739643349712051e-02
1.418837675350701311e+01 7.007461710637312435e-04 1.624240128052933593e-02
1.422845691382765487e+01 -1.569329541452228055e-02 9.030914513301808305e-03
1.426853707414829664e+01 -3.296249543488889711e-02 3.958558142452245354e-03
1.430861723446893663e+01 -5.079432678174827798e-02 1.096045893995400630e-03
1.434869739478957840e+01 -6.886590092353864212e-02 5.480356744496935972e-05
1.438877755511022016e+01 -8.685024279261589764e-02 1.646789865081370319e-04
1.442885771543086193e+01 -1.044242485490861627e-01 7.228629446633157846e-04
1.446893787575150192e+01 -1.212748171017438426e-01 1.211919295497917905e-03
1.450901803607214369e+01 -1.371045679098476522e-01 1.402800018276262935e-03
1.454909819639278545e+01 -1.516373559809607308e-01 1.319997981930744885e-03
1.458917835671342544e+01 -1.646251620508393798e-01 1.117793069243909823e-03
1.462925851703406721e+01 -1.758498104800594319e-01 9.558173969082450674e-04
1.466933867735470898e+01 -1.851282620109356292e-01 9.473847672898407218e-04
1.470941883767535074e+01 -1.923153945006750853e-01 1.193800408712719988e-03
1.474949899799599073e+01 -1.973039059304489140e-01 1.853354754128937881e-03
1.478957915831663250e+01 -2.000283196377931894e-01 3.165404847969486863e-03
1.482965931863727427e+01 -2.004632525638748164e-01 5.379529779125070965e-03
1.486973947895791603e+01 -1.986214752895170965e-01 8.608492597195266036e-03
1.490981963927855602e+01 -1.945546840899362306e-01 1.268679506436638620e-02
1.494989979959919779e+01 -1.883520893192368872e-01 1.713051947024455540e-02
1.498997995991983956e+01 -1.801345978756256905e-01 2.124637275087941021e-02
1.503006012024047955e+01 -1.700542830122932503e-01 2.435567045067381711e-02
1.507014028056112132e+01 -1.582909825498966805e-01 2.603212403955295143e-02
1.511022044088176308e+01 -1.450476412995300446e-01 2.624361401983635669e-02
1.515030060120240485e+01 -1.305463723981279411e-01 2.533889868846071411e-02
1.519038076152304484e+01 -1.150258454264159874e-01 2.390503766047639631e-02
1.523046092184368661e+01 -9.873542807876450889e-02 2.258089164671196400e-02
1.527054108216432837e+01 -8.193308681843430863e-02 2.191862737437187680e-02
1.531062124248497014e+01 -6.488031694592295839e-02 2.233193788045549980e-02
1.535070140280561013e+01 -4.783846106776018514e-02 2.410355908367163222e-02
1.539078156312625190e+01 -3.106556984947784344e-02 2.738929522685146917e-02
1.543086172344689366e+01 -1.481263204152654528e-02 3.216992765995516784e-02
1.547094188376753365e+01 6.789397925984416715e-04 3.816116509589963929e-02
1.551102204408817542e+01 1.518152634337791018e-02 4.474769833309780870e-02
1.555110220440881719e+01 2.848293134119956119e-02 5.101888443786924132e-02
1.559118236472945895e+01 4.038939225098697045e-02 5.593957653225815202e-02
1.563126252505009894e+01 5.072805077321244221e-02 5.861513395958149047e-02
1.567134268537074071e+01 5.934863530722318814e-02 5.854699821141616523e-02
1.571142284569138248e+01 6.612543768510954767e-02 5.577141408861496785e-02
1.575150300601202424e+01 7.095887500401268366e-02 5.082329173603340050e-02
1.579158316633266423e+01 7.377689075312338085e-02 4.454782867420026965e-02
1.583166332665330600e+01 7.453589981057956448e-02 3.784501664805709625e-02
1.587174348697394777e+01 7.322143084773420629e-02 3.144951408480409216e-02
1.591182364729458776e+01 6.984867182969056731e-02 2.580942741075991156e-02
1.595190380761522952e+01 6.446263459763117154e-02 2.107648014282425056e-02
1.599198396793587129e+01 5.713792219951398244e-02 1.717333854199257562e-02
1.603206412825651128e+01 4.797765231441450395e-02 1.389191462442044070e-02
1.607214428857715305e+01 3.711324435990769749e-02 1.099097546307978637e-02
1.611222444889779482e+01 2.470237045157307881e-02 8.282439035737802421e-03
1.615230460921843658e+01 1.092710768260679068e-02 5.699505365641678069e-03
1.619238476953907835e+01 -4.008121196987018617e-03 3.334216177426342371e-03
1.623246492985972012e+01 -1.987919104268162304e-02 1.420644346335621410e-03
1.627254509018035833e+01 -3.644569609812012279e-02 2.514884695119245801e-04
1.631262525050100010e+01 -5.345412527313000289e-02 4.483713283667764310e-05
1.635270541082164186e+01 -7.064176607210399805e-02 8.127357908876512447e-04
1.639278557114228363e+01 -8.774100736788627286e-02 2.297753425005594121e-03
1.643286573146292540e+01 -1.044834330870226813e-01 4.021171451340503633e-03
1.647294589178356716e+01 -1.206042271994113985e-01 5.433980047382394596e-03
1.651302605210420893e+01 -1.358468612642573237e-01 6.107841053580155208e-03
1.655310621242485070e+01 -1.499674448156792239e-01 5.879542670480883242e-03
1.659318637274548891e+01 -1.627389967889685540e-01 4.884409829623842861e-03
1.663326653306613068e+01 -1.739560943224747191e-01 3.470674374149584560e-03
1.667334669338677244e+01 -1.834382680890511153e-01 2.044053224529676638e-03
1.671342685370741421e+01 -1.910330555541800701e-01 9.198063120098603400e-04
1.675350701402805598e+01 -1.966191007430226345e-01 2.444526013628475227e-04
1.679358717434869774e+01 -2.001092653601358184e-01 4.484733401680632431e-06
1.683366733466933951e+01 -2.014508512443561328e-01 9.520191259667043189e-05
1.687374749498997772e+01 -2.006275842853220970e-01 4.029588290318611996e-04
1.691382765531061949e+01 -1.976597708186415281e-01 8.640120455905524318e-04
1.695390781563126126e+01 -1.926036705720174380e-01 1.489610399865139200e-03
1.699398797595190302e+01 -1.855500521217412491e-01 2.367028572946024579e-03
1.703406813627254479e+01 -1.766228448097408588e-01 3.648558693736688417e-03
1.707414829659318656e+01 -1.659764325609894842e-01 5.528456402950126559e-03
1.711422845691382832e+01 -1.537928292190055279e-01 8.197204657156039256e-03
1.715430861723446654e+01 -1.402776444054502358e-01 1.176855620112359641e-02
1.719438877755510831e+01 -1.256567279269700799e-01 1.619493895023220789e-02
1.723446893787575007e+01 -1.101715994769300877e-01 2.120682971052727933e-02
1.727454909819639184e+01 -9.407519613590822893e-02 2.631604075627413941e-02
1.731462925851703361e+01 -7.762729228266689041e-02 3.089897359495334672e-02
1.735470941883767537e+01 -6.108981512606138919e-02 3.434062198140297451e-02
1.739478957915831714e+01 -4.472259935722663199e-02 3.618699988758978386e-02
1.743486973947895891e+01 -2.877889190199554165e-02 3.624786554683560175e-02
1.747494989979959712e+01 -1.350132885547954131e-02 3.461461897295122631e-02
1.751503006012023889e+01 8.817509532379960713e-04 3.159551223038743056e-02
1.755511022044088065e+01 1.415992662712286208e-02 2.760497780210569019e-02
1.759519038076152242e+01 2.614341856863909921e-02 2.305548525326231793e-02
1.763527054108216419e+01 3.666606661969561143e-02 1.828968248187188422e-02
1.767535070140280595e+01 4.558723012867942070e-02 1.357022043398605979e-02
1.771543086172344772e+01 5.279363143927096047e-02 9.119367600930900278e-03
1.775551102204408593e+01 5.820045630560263805e-02 5.184692657619330812e-03
1.779559118236472770e+01 6.175215759745178445e-02 2.097359104660976963e-03
1.783567134268536947e+01 6.342276964979355613e-02 2.848264942321378137e-04
1.787575150300601123e+01 6.321568827720597250e-02 2.053725014057153938e-04
1.791583166332665300e+01 6.116303015971533141e-02 2.194660487921862822e-03
1.795591182364729477e+01 5.732455017204753089e-02 6.257077928820053633e-03
1.799599198396793653e+01 5.178609778074707432e-02 1.188382361156061461e-02
1.803607214428857475e+01 4.465847560256043514e-02 1.800695104147996897e-02
1.807615230460921651e+01 3.607381611999713189e-02 2.317421518736539898e-02
1.811623246492985828e+01 2.618404940026537731e-02 2.594573064802296880e-02
1.815631262525050005e+01 1.515876607831131290e-02 2.539784501879922482e-02
1.819639278557114181e+01 3.181437602254262587e-03 2.152925610604824666e-02
1.823647294589178358e+01 -9.553296538835727089e-03 1.536369840255208917e-02
1.827655310621242535e+01 -2.284288336323976598e-02 8.649309118716544398e-03
1.831663326653306711e+01 -3.647995127414047772e-02 3.235092195046289625e-03
1.835671342685370533e+01 -5.025513367923964414e-02 3.720474704830216525e-04
1.839679358717434710e+01 -6.396037878206538296e-02 2.488845796459117246e-04
1.843687374749498886e+01 -7.739217104948004078e-02 1.983803193661089030e-03
1.847695390781563063e+01 -9.035363663530214529e-02 4.086621398109250777e-03
1.851703406813627240e+01 -1.026570247653537798e-01 5.178862759579197506e-03
1.855711422845691416e+01 -1.141272718123334945e-01 4.630516478976515887e-03
1.859719438877755593e+01 -1.246021174248509999e-01 2.811481599498145793e-03
1.863727454909819414e+01 -1.339355925972546268e-01 8.454336986500848687e-04
1.867735470941883591e+01 -1.419990626503692954e-01 3.052674513988725774e-07
1.871743486973947768e+01 -1.486828211255298016e-01 1.023209831129578756e-03
1.875751503006011944e+01 -1.538959741298194794e-01 3.746566819358817125e-03
1.879759519038076121e+01 -1.575677416729571456e-01 7.147517212056783524e-03
1.883767535070140298e+01 -1.596488022210958702e-01 9.817459382715339189e-03
1.887775551102204474e+01 -1.601111099012199057e-01 1.060729066349774125e-02
1.891783567134268296e+01 -1.589471637442460838e-01 9.147257908558302161e-03
1.895791583166332472e+01 -1.561705750208764176e-01 6.020314878378917045e-03
1.899799599198396649e+01 -1.518155145118889049e-01 2.541467356022164819e-03
1.903807615230460826e+01 -1.459360984365928315e-01 2.693077670077510290e-04
1.907815631262525002e+01 -1.386058596343414939e-01 4.720369809980373655e-04
1.911823647294589179e+01 -1.299155481028538561e-01 3.753776745719786170e-03
1.915831663326653356e+01 -1.199736589471522841e-01 9.949292449612536643e-03
1.919839679358717532e+01 -1.089044519937866495e-01 1.827143036699429429e-02
1.923847695390781354e+01 -9.684559385575661206e-02 2.760676084316398757e-02
1.927855711422845530e+01 -8.394797850635681014e-02 3.682868212066746361e-02
1.931863727454909707e+01 -7.037215754787790045e-02 4.503008937660519378e-02
1.935871743486973884e+01 -5.628858335433827020e-02 5.163272033971137709e-02
1.939879759519038060e+01 -4.187466294874751804e-02 5.638855356683664111e-02
1.943887775551102237e+01 -2.731188523431187648e-02 5.931551203882600570e-02
1.947895791583166414e+01 -1.278486100817273485e-02 6.061247667798816408e-02
1.951903807615230235e+01 1.521403286961750534e-03 6.058620403358651318e-02
1.955911823647294412e+01 1.542297086766970804e-02 5.960287632110119332e-02
1.959919839679358589e+01 2.874007096916348508e-02 5.805904904137871442e-02
1.963927855711422765e+01 4.129919388858598051e-02 5.636264640573415696e-02
1.967935871743486942e+01 5.293584894909378336e-02 5.491435337186889587e-02
1.971943887775551119e+01 6.349503880072800144e-02 5.408494582324354510e-02
1.975951903807615295e+01 7.283506082575791352e-02 5.418634509721909770e-02
1.979959919839679117e+01 8.082982971534898031e-02 5.543566481273709545e-02
1.983967935871743293e+01 8.736992349798411439e-02 5.790649732697562141e-02
1.987975951903807470e+01 9.236494139483789056e-02 6.146237031336827111e-02
1.991983967935871647e+01 9.574517054226963642e-02 6.567811810336565692e-02
1.995991983967935823e+01 9.746288932927389681e-02 6.977982507795923994e-02
2.000000000000000000e+01 9.749396637255128284e-02 7.265941527596310456e-02
