# time correlation overlap_with_initial
0.000000000000000000e+00 -5.882352941176470507e-02 1.000000000000000000e+00
4.008016032064128098e-02 -5.825794861501121941e-02 9.872278906944950139e-01
8.016032064128256196e-02 -5.657782073142265250e-02 9.498472772172446010e-01
1.202404809619238429e-01 -5.383261181534124834e-02 8.905555965196166879e-01
1.603206412825651239e-01 -5.010362162474036457e-02 8.135010569322770335e-01
2.004008016032063910e-01 -4.550198987321128763e-02 7.238152575085591289e-01
2.404809619238476859e-01 -4.016628031946452987e-02 6.270659093026620390e-01
2.805611222444889807e-01 -3.425917639684765426e-02 5.287036252965271466e-01
3.206412825651302478e-01 -2.796390286697993457e-02 4.335812222848497433e-01
3.607214428857715149e-01 -2.147998488467907016e-02 3.455972172945450116e-01
4.008016032064127820e-01 -1.501872236130661654e-02 2.674958983884074826e-01
4.408817635270541047e-01 -8.798474219977562780e-03 2.008263434337167475e-01
4.809619238476953718e-01 -3.039512949227044913e-03 1.460381583337240496e-01
5.210420841683366389e-01 2.040752250490950742e-03 1.026780076628798360e-01
5.611222444889779615e-01 6.233098230593819497e-03 6.963970120164614253e-02
6.012024048096191731e-01 9.341041743430349847e-03 4.542570109053058192e-02
6.412825651302604957e-01 1.118584393166320058e-02 2.838360652711097165e-02
6.813627254509018183e-01 1.161063127083602001e-02 1.689463844016296859e-02
7.214428857715430299e-01 1.048465082709332079e-02 9.503884925353337995e-03
7.615230460921843525e-01 7.706749627171720525e-03 4.992776374892853725e-03
8.016032064128255641e-01 3.208576377413369096e-03 2.402992969566163529e-03
8.416833667334668867e-01 -3.042824404803022229e-03 1.024445734902104145e-03
8.817635270541082093e-01 -1.104303177344263982e-02 3.613585956633547330e-04
9.218436873747494209e-01 -2.074882938194798007e-02 8.849933218959859019e-05
9.619238476953907435e-01 -3.207749770573607717e-02 6.760539075303437145e-06
1.002004008016031955e+00 -4.490688033593120271e-02 3.884327405589609905e-06
1.042084168336673278e+00 -5.907595142280307882e-02 2.309975669367899244e-05
1.082164328657314600e+00 -7.438658945158703462e-02 4.019565257237339402e-05
1.122244488977955923e+00 -9.060546929541217487e-02 4.811641561434807708e-05
1.162324649298597246e+00 -1.074675782759975107e-01 4.750168510340434415e-05
1.202404809619238346e+00 -1.246795311335807954e-01 4.146516666657147773e-05
1.242484969939879669e+00 -1.419246656278469743e-01 3.311485586880798297e-05
1.282565130260520991e+00 -1.588678378957623927e-01 2.466026852102919434e-05
1.322645290581162314e+00 -1.751617674898018340e-01 1.732198422291623307e-05
1.362725450901803637e+00 -1.904532296458756879e-01 1.155895310647372407e-05
1.402805611222444737e+00 -2.043901931231167923e-01 7.358968581411100274e-06
1.442885771543086060e+00 -2.166291028447653588e-01 4.479175723640051507e-06
1.482965931863727382e+00 -2.268422795458070740e-01 2.606550696110354457e-06
1.523046092184368705e+00 -2.347257144687335262e-01 1.446709611305625244e-06
1.563126252505010028e+00 -2.400062031023894038e-01 7.613529236549453965e-07
1.603206412825651128e+00 -2.424487919005716419e-01 3.754992461306762845e-07
1.643286573146292451e+00 -2.418631426516172078e-01 1.696550875876318773e-07
1.683366733466933773e+00 -2.381096889622677515e-01 6.700418673736111513e-08
1.723446893787575096e+00 -2.311046460069361430e-01 2.069064749559976137e-08
1.763527054108216419e+00 -2.208240771929401713e-01 3.449390082836973242e-09
1.803607214428857741e+00 -2.073068911711925255e-01 6.793877334370337317e-12
1.843687374749498842e+00 -1.906562888672066192e-01 1.933511308897210375e-09
1.883767535070140164e+00 -1.710401124849476318e-01 4.415546499157087073e-09
1.923847695390781487e+00 -1.486894769338874267e-01 4.606802144159927153e-09
1.963927855711422810e+00 -1.238959876868332144e-01 1.772581601113671089e-09
2.004008016032063910e+00 -9.700769929508278044e-02 4.792820615722327352e-10
2.044088176352705233e+00 -6.842302895861676615e-02 1.991014664359896759e-08
2.084168336673346555e+00 -3.858440197404146288e-02 1.153410940182186435e-07
2.124248496993987878e+00 -7.969233777312923275e-03 4.221081754075418125e-07
2.164328657314629201e+00 2.291831782418572369e-02 1.237741824932763180e-06
2.204408817635270523e+00 5.355840164911752216e-02 3.163120346366174198e-06
2.244488977955911846e+00 8.342506758187592797e-02 7.325659773149497600e-06
2.284569138276553169e+00 1.119981330003225611e-01 1.570208465912167916e-05
2.324649298597194491e+00 1.387733954810671799e-01 3.154001635355206380e-05
2.364729458917835370e+00 1.632740160254061157e-01 5.983954764807124086e-05
2.404809619238476692e+00 1.850604557993620336e-01 1.077998955728079727e-04
2.444889779559118015e+00 2.037401976378846180e-01 1.850632222259505997e-04
2.484969939879759337e+00 2.189764119258604813e-01 3.035210249809098203e-04
2.525050100200400660e+00 2.304951357251257549e-01 4.764162594376908540e-04
2.565130260521041983e+00 2.380916651474203616e-01 7.165054312414878166e-04
2.605210420841683305e+00 2.416347280927133856e-01 1.033203394358258188e-03
2.645290581162324628e+00 2.410697250093605248e-01 1.428876319089642227e-03
2.685370741482965951e+00 2.364197930523591618e-01 1.894833259575063765e-03
2.725450901803607273e+00 2.277854349931582034e-01 2.407925939293148899e-03
2.765531062124248596e+00 2.153425295807323558e-01 2.928942928857192901e-03
2.805611222444889474e+00 1.993384472562340359e-01 3.404038002528318556e-03
2.845691382765530797e+00 1.800871813500788954e-01 3.770021280868702564e-03
2.885771543086172120e+00 1.579625385846804009e-01 3.963687681160674332e-03
2.925851703406813442e+00 1.333907039304088327e-01 3.934164037946223831e-03
2.965931863727454765e+00 1.068414258708345471e-01 3.656206497146041734e-03
3.006012024048096087e+00 7.881848896304653740e-02 3.141402879341159953e-03
3.046092184368737410e+00 4.984994101360436941e-02 2.443961194775794155e-03
3.086172344689378733e+00 2.047715595212026493e-02 1.658405274434815099e-03
3.126252505010020055e+00 -8.754992569875066910e-03 9.079204765377300607e-04
3.166332665330661378e+00 -3.730949021651216307e-02 3.243658319806987057e-04
3.206412825651302256e+00 -6.466645964457311269e-02 2.325155894440629757e-05
3.246492985971943579e+00 -9.033384173776974613e-02 7.882523367474217238e-05
3.286573146292584902e+00 -1.138556674648962541e-01 5.051513812776635371e-04
3.326653306613226224e+00 -1.348211046207421215e-01 1.248259567691998705e-03
3.366733466933867547e+00 -1.528713090818965004e-01 2.192213452315216679e-03
3.406813627254508869e+00 -1.677061561345157548e-01 3.178799861435620266e-03
3.446893787575150192e+00 -1.790892537102027893e-01 4.037104391853949155e-03
3.486973947895791515e+00 -1.868520019214285066e-01 4.616729984798993193e-03
3.527054108216432837e+00 -1.908963449800682721e-01 4.817286786138744864e-03
3.567134268537074160e+00 -1.911961126270611822e-01 4.607541152422478872e-03
3.607214428857715482e+00 -1.877971257944635597e-01 4.030102261976143720e-03
3.647294589178356361e+00 -1.808159922142888731e-01 3.190932127979695474e-03
3.687374749498997684e+00 -1.704373619661383454e-01 2.236493067741989957e-03
3.727454909819639006e+00 -1.569104007792934685e-01 1.324155259194500101e-03
3.767535070140280329e+00 -1.405433295368073154e-01 5.924729324492108637e-04
3.807615230460921651e+00 -1.216977659956717112e-01 1.377046383328571618e-04
3.847695390781562974e+00 -1.007810275748462492e-01 7.244419525357384203e-07
3.887775551102204297e+00 -7.823856598590429867e-02 1.659477010400826219e-04
3.927855711422845619e+00 -5.454476741527400363e-02 5.709442374830279131e-04
3.967935871743486942e+00 -3.019383000469150202e-02 1.123367593297158479e-03
4.008016032064127820e+00 -5.689934819267776674e-03 1.720746556892115099e-03
4.048096192384769587e+00 1.846288750360007905e-02 2.268826797023329542e-03
4.088176352705410466e+00 4.177034459933363225e-02 2.695210864421761134e-03
4.128256513026052232e+00 6.375822204757632117e-02 2.956627027173365854e-03
4.168336673346693111e+00 8.398103851946829568e-02 3.039816809596463960e-03
4.208416833667334878e+00 1.020315298008716703e-01 2.957233990139383761e-03
4.248496993987975756e+00 1.175478893750972059e-01 2.739608105796854064e-03
4.288577154308616635e+00 1.302213694489794404e-01 2.427372213838531207e-03
4.328657314629258401e+00 1.398016684096186624e-01 2.062823168230760139e-03
4.368737474949899280e+00 1.461019124817247439e-01 1.684072514309763397e-03
4.408817635270541047e+00 1.490017836914186433e-01 1.321344534803767148e-03
4.448897795591181925e+00 1.484495370118278090e-01 9.954882199631094608e-04
4.488977955911823692e+00 1.444625402861176577e-01 7.182707375515303945e-04
4.529058116232464570e+00 1.371263836546049442e-01 4.938193966651123739e-04
4.569138276553106337e+00 1.265926431479207637e-01 3.206022689583946364e-04
4.609218436873747216e+00 1.130754648665013712e-01 1.934594815650787401e-04
4.649298597194388982e+00 9.684659348013287261e-02 1.053666247124460602e-04
4.689378757515029861e+00 7.822995588825204516e-02 4.877248846519053005e-05
4.729458917835670739e+00 5.759435323049925948e-02 1.649009158902214967e-05
4.769539078156312506e+00 3.534652868481225063e-02 2.191737171451439727e-06
4.809619238476953385e+00 1.192223988029628839e-02 6.070687076125966379e-07
4.849699398797595151e+00 -1.222174616232989293e-02 7.521952206959900717e-06
4.889779559118236030e+00 -3.661732562953846914e-02 1.966724858494855787e-05
4.929859719438877796e+00 -6.079368740732846166e-02 3.456255508803179909e-05
4.969939879759518675e+00 -8.428685624870335680e-02 5.035797676524348890e-05
5.010020040080160442e+00 -1.066484466954621679e-01 6.569745806678570612e-05
5.050100200400801320e+00 -1.274543213936277231e-01 7.961260126566626651e-05
5.090180360721443087e+00 -1.463128852333243357e-01 9.144620338985531003e-05
5.130260521042083965e+00 -1.628723078102538580e-01 1.007992884691195717e-04
5.170340681362724844e+00 -1.768276578205338623e-01 1.074934121741311522e-04
5.210420841683366611e+00 -1.879263763967743694e-01 1.115397311541261661e-04
5.250501002004007489e+00 -1.959735079926986923e-01 1.131086487718123163e-04
5.290581162324649256e+00 -2.008352259157953901e-01 1.124956457090705490e-04
5.330661322645290134e+00 -2.024415942691839276e-01 1.100818560400142567e-04
5.370741482965931901e+00 -2.007879049205110455e-01 1.062902170006848099e-04
5.410821643286572780e+00 -1.959347030576416016e-01 1.015388967540383657e-04
5.450901803607214546e+00 -1.880066754625059622e-01 9.619544004607345593e-05
5.490981963927855425e+00 -1.771899804976496684e-01 9.053348433062884777e-05
5.531062124248497192e+00 -1.637284967634308475e-01 8.469482947829785544e-05
5.571142284569138070e+00 -1.479187811079867854e-01 7.865867705163981426e-05
5.611222444889778949e+00 -1.301036729120851332e-01 7.222233741950649351e-05
5.651302605210420715e+00 -1.106654034442696583e-01 6.500496578778927701e-05
5.691382765531061594e+00 -9.001690138155096776e-02 5.649614321498438915e-05
5.731462925851703361e+00 -6.859362251912298758e-02 4.619250520319355700e-05
5.771543086172344239e+00 -4.684336032890546592e-02 3.388348027897025412e-05
5.811623246492986006e+00 -2.521736131110462881e-02 2.016433197298058775e-05
5.851703406813626884e+00 -4.159737704398100769e-03 7.247133811429977189e-06
5.891783567134268651e+00 1.590146828333049642e-02 9.294695846543179142e-08
5.931863727454909530e+00 3.456411393803805049e-02 7.789691389350547268e-06
5.971943887775551296e+00 5.146017842489630095e-02 4.493942096874218320e-05
6.012024048096192175e+00 6.626381473716584647e-02 1.326300124299305478e-04
6.052104208416833053e+00 7.869805154027487148e-02 2.983958450214478533e-04
6.092184368737474820e+00 8.854033889034602922e-02 5.745075496579052712e-04
6.132264529058115698e+00 9.562697802596480112e-02 9.940543655808031179e-04
6.172344689378757465e+00 9.985581887007138890e-02 1.584679241094479746e-03
6.212424849699398344e+00 1.011878343258345303e-01 2.360442750464736283e-03
6.252505010020040110e+00 9.964699602323741356e-02 3.313100694327556633e-03
6.292585170340680989e+00 9.531876241232324631e-02 4.404797444309435824e-03
6.332665330661322756e+00 8.834737296969283338e-02 5.564547029125008377e-03
6.372745490981963634e+00 7.893149287865106056e-02 6.690777576457352521e-03
6.412825651302604513e+00 6.731927915040829269e-02 7.661120267079522123e-03
6.452905811623246279e+00 5.380182959719516378e-02 8.349291440458718114e-03
6.492985971943887158e+00 3.870647392675861248e-02 8.646668246438220240e-03
6.533066132264528925e+00 2.238890840457385956e-02 8.484672110129785894e-03
6.573146292585169803e+00 5.225255896136433986e-03 7.852774450811830440e-03
6.613226452905811570e+00 -1.239618552851441853e-02 6.807252219422884124e-03
6.653306613226452448e+00 -3.008348894442675059e-02 5.467331305258082454e-03
6.693386773547094215e+00 -4.744895368228155275e-02 3.998043543244653858e-03
6.733466933867735094e+00 -6.411751835260735832e-02 2.582411396749945132e-03
6.773547094188376860e+00 -7.973372476493703620e-02 1.388507584272667119e-03
6.813627254509017739e+00 -9.396921279696725249e-02 5.385129749880372425e-04
6.853707414829658617e+00 -1.065285098061417440e-01 8.702330625880370083e-05
6.893787575150300384e+00 -1.171549707520031652e-01 1.361563164827321064e-05
6.933867735470941263e+00 -1.256351668683859391e-01 2.315417692911368806e-04
6.973947895791583029e+00 -1.318028853872101336e-01 6.103161695345570362e-04
7.014028056112223908e+00 -1.355418909748412337e-01 1.006694563624010996e-03
7.054108216432865675e+00 -1.367878522868919700e-01 1.296600241767166149e-03
7.094188376753506553e+00 -1.355292401106512334e-01 1.400597484486345527e-03
7.134268537074148320e+00 -1.318072598222976288e-01 1.297441904719548065e-03
7.174348697394789198e+00 -1.257146767855221725e-01 1.023439061368971439e-03
7.214428857715430965e+00 -1.173939579527484012e-01 6.589069854052241170e-04
7.254509018036071843e+00 -1.070339577395777869e-01 3.059573702579535676e-04
7.294589178356712722e+00 -9.486646622338480717e-02 6.352669025735096641e-05
7.334669338677354489e+00 -8.116095274879357724e-02 5.499872535825944009e-06
7.374749498997995367e+00 -6.621966890827551966e-02 1.664909084940830364e-04
7.414829659318637134e+00 -5.037089694987287314e-02 5.374316333100669302e-04
7.454909819639278012e+00 -3.396279142629111264e-02 1.070668352645550879e-03
7.494989979959919779e+00 -1.735574512662723876e-02 1.692192577066663466e-03
7.535070140280560658e+00 -9.152730487925514642e-04 2.317423052080613138e-03
7.575150300601202424e+00 1.499581739263512216e-02 2.866817617235425768e-03
7.615230460921843303e+00 3.002502539071725401e-02 3.278264392717747128e-03
7.655310621242485070e+00 4.383751192729350155e-02 3.514446285167502956e-03
7.695390781563125948e+00 5.612352813288939979e-02 3.564732404597893960e-03
7.735470941883766827e+00 6.660474556445651617e-02 3.442360010948994093e-03
7.775551102204408593e+00 7.504069293785710359e-02 3.178342049774572284e-03
7.815631262525049472e+00 8.123367839050799066e-02 2.813941549847218896e-03
7.855711422845691239e+00 8.503344055337787311e-02 2.393226943748911952e-03
7.895791583166332117e+00 8.634033565928066201e-02 1.956989979798618665e-03
7.935871743486973884e+00 8.510766343263878597e-02 1.538577275663238070e-03
7.975951903807614762e+00 8.134280992050166303e-02 1.161833203785703943e-03
8.016032064128255641e+00 7.510705466294458066e-02 8.408459749585325306e-04
8.056112224448897408e+00 6.651443572015246219e-02 5.810401488597034337e-04
8.096192384769539174e+00 5.572918582127446563e-02 3.810484669947098173e-04
8.136272545090179165e+00 4.296223607036050995e-02 2.348630237556418535e-04
8.176352705410820931e+00 2.846670913654300236e-02 1.338803121764293319e-04
8.216432865731462698e+00 1.253220275917230932e-02 6.859861205973924523e-05
8.256513026052104465e+00 -4.521097082473910476e-03 2.985859584113910773e-05
8.296593186372744455e+00 -2.234986595787695485e-02 9.624687125494596230e-06
8.336673346693386222e+00 -4.059438444385465861e-02 1.366706939788865131e-06
8.376753507014027988e+00 -5.888692138471464388e-02 1.391004504026342918e-07
8.416833667334669755e+00 -7.685884867678190180e-02 2.457023619118936727e-06
8.456913827655309746e+00 -9.414904076729313509e-02 6.060480494711346324e-06
8.496993987975951512e+00 -1.104108568977594240e-01 9.636805411427352728e-06
8.537074148296593279e+00 -1.253197055429921825e-01 1.255046537996266844e-05
8.577154308617233269e+00 -1.385793639098817920e-01 1.460951071028370494e-05
8.617234468937875036e+00 -1.499280484375868361e-01 1.588181369582558560e-05
8.657314629258516803e+00 -1.591435349936639598e-01 1.656311343634870727e-05
8.697394789579158569e+00 -1.660473406089271187e-01 1.689165040321663393e-05
8.737474949899798560e+00 -1.705081416882356926e-01 1.710038372622585227e-05
8.777555110220440326e+00 -1.724439484912924092e-01 1.739670509234912842e-05
8.817635270541082093e+00 -1.718234197226972682e-01 1.795979257113975263e-05
8.857715430861723860e+00 -1.686661002401912968e-01 1.894690559867900109e-05
8.897795591182363850e+00 -1.630414827179347825e-01 2.050085477727946862e-05
8.937875751503005617e+00 -1.550674182983843297e-01 2.275148279063409672e-05
8.977955911823647384e+00 -1.449070906487728017e-01 2.580340169052364776e-05
9.018036072144287374e+00 -1.327657211517311031e-01 2.970247312930536474e-05
9.058116232464929141e+00 -1.188858758274968230e-01 3.437357881377212386e-05
9.098196392785570907e+00 -1.035426306520014356e-01 3.952858680610042024e-05
9.138276553106212674e+00 -8.703778622047118885e-02 4.455527922558295226e-05
9.178356713426852664e+00 -6.969374520576494814e-02 4.842357555497357464e-05
9.218436873747494431e+00 -5.184725411764593700e-02 4.968282980949459925e-05
9.258517034068136198e+00 -3.384238100726748993e-02 4.666988459835582541e-05
9.298597194388777964e+00 -1.602430071311781654e-02 3.809047715876135825e-05
9.338677354709417955e+00 1.268010065909873233e-03 2.414935978013457382e-05
9.378757515030059722e+00 1.770762227753194112e-02 8.356753020304329217e-06
9.418837675350701488e+00 3.298651490117585072e-02 4.896847128994556522e-09
9.458917835671341479e+00 4.682080090803377587e-02 1.706302144983123931e-05
9.498997995991983245e+00 5.895649845578126991e-02 8.892425146107133037e-05
9.539078156312625012e+00 6.917385418442605072e-02 2.581052305457832118e-04
9.579158316633266779e+00 7.729156581501608891e-02 5.797763336051503947e-04
9.619238476953906769e+00 8.316989252922814269e-02 1.118036148148491074e-03
9.659318637274548536e+00 8.671309291769328798e-02 1.938230630949119545e-03
9.699398797595190302e+00 8.787100708775683056e-02 3.095423031691616703e-03
9.739478957915832069e+00 8.663969122421240343e-02 4.620234427828493959e-03
9.779559118236472059e+00 8.306120611483390481e-02 6.504449356878528286e-03
9.819639278557113826e+00 7.722258497814706024e-02 8.689662013749155367e-03
9.859719438877755593e+00 6.925371989348204360e-02 1.106254920034885174e-02
9.899799599198395583e+00 5.932484105434948640e-02 1.345948191535686726e-02
9.939879759519037350e+00 4.764264499103281619e-02 1.568186733465488925e-02
9.979959919839679117e+00 3.444644653419089847e-02 1.752076925148561212e-02
1.002004008016032088e+01 2.000292523819429194e-02 1.878746688865056205e-02
1.006012024048096087e+01 4.601134407400019749e-03 1.934398307144477580e-02
1.010020040080160264e+01 -1.145361272028471572e-02 1.912746630988344798e-02
1.014028056112224441e+01 -2.784561660987610460e-02 1.816262311868838478e-02
1.018036072144288617e+01 -4.425519245373270988e-02 1.655903428286263634e-02
1.022044088176352616e+01 -6.036505370860667519e-02 1.449337183240249037e-02
1.026052104208416793e+01 -7.586646272509764422e-02 1.218011019378103035e-02
1.030060120240480970e+01 -9.046561829042126801e-02 9.836920094645212539e-03
1.034068136272544969e+01 -1.038891419969077412e-01 7.652353313516081779e-03
1.038076152304609145e+01 -1.158898293134694168e-01 5.762230118993598091e-03
1.042084168336673322e+01 -1.262511891207916959e-01 4.239369363258363270e-03
1.046092184368737499e+01 -1.347919497324478189e-01 3.097152654491404800e-03
1.050100200400801498e+01 -1.413693804786363972e-01 2.304695046811401377e-03
1.054108216432865675e+01 -1.458821260446638846e-01 1.808217350167681944e-03
1.058116232464929851e+01 -1.482720323667322537e-01 1.552658372555210803e-03
1.062124248496994028e+01 -1.485251135458400817e-01 1.497931998909220403e-03
1.066132264529058027e+01 -1.466716371009335329e-01 1.626425906469952621e-03
1.070140280561122204e+01 -1.427852555743265861e-01 1.941001287708624210e-03
1.074148296593186380e+01 -1.369811992121847954e-01 2.455372219503663446e-03
1.078156312625250379e+01 -1.294137887562697431e-01 3.180540245579817696e-03
1.082164328657314556e+01 -1.202727555973057000e-01 4.111635643754342137e-03
1.086172344689378733e+01 -1.097794317435157041e-01 5.218814804472987796e-03
1.090180360721442909e+01 -9.818149725560181007e-02 6.444616299416842248e-03
1.094188376753506908e+01 -8.574812835427242375e-02 7.708035563391411882e-03
1.098196392785571085e+01 -7.276371162753282607e-02 8.914219824406632506e-03
1.102204408817635262e+01 -5.952225974198990105e-02 9.967174986062782294e-03
1.106212424849699438e+01 -4.632074141314816706e-02 1.078276539249165868e-02
1.110220440881763437e+01 -3.345314275302695151e-02 1.129935831964731276e-02
1.114228456913827614e+01 -2.120405213836640268e-02 1.148440975865762034e-02
1.118236472945891791e+01 -9.842822841802312955e-03 1.133629161874150429e-02
1.122244488977955790e+01 3.820507507089833019e-04 1.088166133651289301e-02
1.126252505010019966e+01 9.248154752019861063e-03 1.016943455483512206e-02
1.130260521042084143e+01 1.656361417893941965e-02 9.262849356265962994e-03
1.134268537074148320e+01 2.217116646165913016e-02 8.231048612602119563e-03
1.138276553106212319e+01 2.595125201854231109e-02 7.141540579463197952e-03
1.142284569138276495e+01 2.782448085225602136e-02 6.054263607334124664e-03
1.146292585170340672e+01 2.775324720839948689e-02 5.017780839893055608e-03
1.150300601202404849e+01 2.574234373255825450e-02 4.067494675410650642e-03
1.154308617234468848e+01 2.183899963262662947e-02 3.225672973357854561e-03
1.158316633266533024e+01 1.613165134672568668e-02 2.502769829312490382e-03
1.162324649298597201e+01 8.748329795636075254e-03 1.899567612877301435e-03
1.166332665330661200e+01 -1.461964304277793233e-04 1.409657939920919232e-03
1.170340681362725377e+01 -1.035368286150759390e-02 1.021895358966887560e-03
1.174348697394789554e+01 -2.164654340226486104e-02 7.225699897777169804e-04
1.178356713426853730e+01 -3.377262860394598942e-02 4.971568841228357150e-04
1.182364729458917729e+01 -4.646024098642633632e-02 3.315958261550727509e-04
1.186372745490981906e+01 -5.942410190001361919e-02 2.131255387085810159e-04
1.190380761523046083e+01 -7.237090614097438368e-02 1.307327410793245558e-04
1.194388777555110259e+01 -8.500591544576210912e-02 7.530484505055169285e-05
1.198396793587174258e+01 -9.703877093090705619e-02 3.956850761982989628e-05
1.202404809619238435e+01 -1.081900580553254165e-01 1.789716119353069968e-05
1.206412825651302612e+01 -1.181970301135476520e-01 6.049329885273084830e-06
1.210420841683366611e+01 -1.268195410106292276e-01 8.890585648025599328e-07
1.214428857715430787e+01 -1.338452318681093989e-01 1.213683731736283688e-07
1.218436873747494964e+01 -1.390943518737862428e-01 2.065033314523812017e-06
1.222444889779559141e+01 -1.424238801438521551e-01 5.474227006103846196e-06
1.226452905811623140e+01 -1.437309135071553612e-01 9.413179992222438672e-06
1.230460921843687316e+01 -1.429551800595462718e-01 1.318116577929054306e-05
1.234468937875751493e+01 -1.400808249028149544e-01 1.627850948201649381e-05
1.238476953907815670e+01 -1.351368752926996875e-01 1.839879218114361893e-05
1.242484969939879669e+01 -1.281973328007635360e-01 1.942779502649360178e-05
1.246492985971943845e+01 -1.193794282267973683e-01 1.943154409784702912e-05
1.250501002004008022e+01 -1.088419377556821971e-01 1.862087486749476495e-05
1.254509018036072021e+01 -9.678139137376207124e-02 1.729210798418335569e-05
1.258517034068136198e+01 -8.342860543884027258e-02 1.575485802299570343e-05
1.262525050100200374e+01 -6.904327324032008550e-02 1.426326282585286860e-05
1.266533066132264551e+01 -5.390886054306393005e-02 1.296517842973816843e-05
1.270541082164328550e+01 -3.832618011861783219e-02 1.186997597452043329e-05
1.274549098196392727e+01 -2.260700151420236975e-02 1.082942097007213298e-05
1.278557114228456904e+01 -7.067280259919308735e-03 9.534854915129068346e-06
1.282565130260520903e+01 7.979953243649655706e-03 7.577781964917478038e-06
1.286573146292585079e+01 2.223109068507875957e-02 4.694401268504072956e-06
1.290581162324649256e+01 3.539900874992315399e-02 1.388626655908911407e-06
1.294589178356713433e+01 4.721883239260429854e-02 1.501762166670168700e-07
1.298597194388777432e+01 5.745408633984349506e-02 7.389754431070672551e-06
1.302605210420841608e+01 6.590138522137917176e-02 3.596000143711168854e-05
1.306613226452905785e+01 7.239497560746176175e-02 1.077378363702801638e-04
1.310621242484969962e+01 7.681002521551541506e-02 2.553190169961010321e-04
1.314629258517033961e+01 7.906517056923015319e-02 5.215701737403190697e-04
1.318637274549098137e+01 7.912411195140964248e-02 9.558505726905272212e-04
1.322645290581162314e+01 7.699610663026872082e-02 1.606227259592770676e-03
1.326653306613226313e+01 7.273565894313503699e-02 2.508054047924605703e-03
1.330661322645290490e+01 6.644117090930798386e-02 3.670605315732708169e-03
1.334669338677354666e+01 5.825264924616735396e-02 5.064715779633920806e-03
1.338677354709418843e+01 4.834888036262642574e-02 6.615073431782654730e-03
1.342685370741482842e+01 3.694328905351344089e-02 8.200659933360276987e-03
1.346693386773547019e+01 2.427998687587569135e-02 9.665297319396802186e-03
1.350701402805611195e+01 1.062819526139605932e-02 1.083830197114228101e-02
1.354709418837675372e+01 -3.722583987189638424e-03 1.156204509653244346e-02
1.358717434869739371e+01 -1.846899868784895177e-02 1.172146396258065548e-02
1.362725450901803548e+01 -3.329932522568340714e-02 1.126867211581977779e-02
1.366733466933867724e+01 -4.790014416533060898e-02 1.023678991963404040e-02
1.370741482965931723e+01 -6.196219743948431363e-02 8.738754780867111910e-03
1.374749498997995900e+01 -7.518677111437037375e-02 6.950479770379548207e-03
1.378757515030060077e+01 -8.729157281202755414e-02 5.081359193310313639e-03
1.382765531062124253e+01 -9.801640345419107558e-02 3.338248258795405068e-03
1.386773547094188253e+01 -1.071285922494257387e-01 1.890653553342194282e-03
1.390781563126252429e+01 -1.144276788866011030e-01 8.446147990882828900e-04
1.394789579158316606e+01 -1.197498492070074166e-01 2.304003845296270423e-04
1.398797595190380783e+01 -1.229714504290260885e-01 5.972603628336881339e-06
1.402805611222444782e+01 -1.240119012119784841e-01 7.421603369096976864e-05
1.406813627254508958e+01 -1.228358403165988877e-01 3.091282899487833385e-04
1.410821643286573135e+01 -1.194541693112927822e-01 5.844403552082510318e-04
1.414829659318637134e+01 -1.139245654397116891e-01 7.983047569485310965e-04
1.418837675350701311e+01 -1.063505511480861421e-01 8.892958055629842816e-04
1.422845691382765487e+01 -9.688010352041442896e-02 8.415234964477164318e-04
1.426853707414829664e+01 -8.570286755991859962e-02 6.793943513760848521e-04
1.430861723446893663e+01 -7.304669975011665595e-02 4.547982639764014661e-04
1.434869739478957840e+01 -5.917332909071720132e-02 2.307189268179662143e-04
1.438877755511022016e+01 -4.437288474753487560e-02 6.537944954752413699e-05
1.442885771543086193e+01 -2.895840451295950135e-02 2.020161188089268194e-07
1.446893787575150192e+01 -1.325875067727231085e-02 5.338244836674387722e-05
1.450901803607214369e+01 2.387660338931265648e-03 2.193535638457650935e-04
1.454909819639278545e+01 1.764079602812972797e-02 4.730740767001118965e-04
1.458917835671342544e+01 3.216567203036084510e-02 7.772940935682822339e-04
1.462925851703406721e+01 4.564024533210800372e-02 1.090742385769831674e-03
1.466933867735470898e+01 5.776197648338722568e-02 1.375448581150068425e-03
1.470941883767535074e+01 6.825483741197545251e-02 1.602014616343590010e-03
1.474949899799599073e+01 7.687517766001362995e-02 1.752351858455868973e-03
1.478957915831663250e+01 8.341719503217254195e-02 1.819998432161048889e-03
1.482965931863727427e+01 8.771747651050013084e-02 1.808578271966267137e-03
1.486973947895791603e+01 8.965854776195247844e-02 1.729145224239851154e-03
1.490981963927855602e+01 8.917151465765277285e-02 1.597141162096132362e-03
1.494989979959919779e+01 8.623758197032829753e-02 1.429575453324732556e-03
1.498997995991983956e+01 8.088839926838067851e-02 1.242769437325392167e-03
1.503006012024047955e+01 7.320561691341213872e-02 1.050852262270831478e-03
1.507014028056112132e+01 6.331887068892491643e-02 8.649636529712613226e-04
1.511022044088176308e+01 5.140349469321281450e-02 6.930579491426106051e-04
1.515030060120240485e+01 3.767643303111406494e-02 5.401210783574959080e-04
1.519038076152304484e+01 2.239226810130339612e-02 4.086322604612259652e-04
1.523046092184368661e+01 5.837597426574819663e-03 2.991232791048399229e-04
1.527054108216432837e+01 -1.167439357492756381e-02 2.107316319934536628e-04
1.531062124248497014e+01 -2.981043985207178573e-02 1.416876868226433963e-04
1.535070140280561013e+01 -4.822374893490784242e-02 8.970711846470195614e-05
1.539078156312625190e+01 -6.656075876960011739e-02 5.228536121693015139e-05
1.543086172344689366e+01 -8.446835784258693858e-02 2.690393645548743763e-05
1.547094188376753365e+01 -1.016003984164515483e-01 1.116438233641657893e-05
1.551102204408817542e+01 -1.176249430398613183e-01 2.868097071133216024e-06
1.555110220440881719e+01 -1.322302397694739562e-01 5.823437972771859813e-08
1.559118236472945895e+01 -1.451312834471576163e-01 1.038528447505817001e-06
1.563126252505009894e+01 -1.560750112600583772e-01 4.380534014624025862e-06
1.567134268537074071e+01 -1.648455864474259458e-01 8.927722767765502835e-06
1.571142284569138248e+01 -1.712685097449835048e-01 1.380063783083375471e-05
1.575150300601202424e+01 -1.752142339560925077e-01 1.840316596601701841e-05
1.579158316633266423e+01 -1.766008212977530079e-01 2.242591842290524189e-05
1.583166332665330600e+01 -1.753957042601301530e-01 2.584195991347451192e-05
1.587174348697394777e+01 -1.716165025664731780e-01 2.889294104917129388e-05
1.591182364729458776e+01 -1.653309293728433826e-01 3.207228900126410295e-05
1.595190380761522952e+01 -1.566554560793512185e-01 3.612345844546607115e-05
1.599198396793587129e+01 -1.457534704646072099e-01 4.207942735939632637e-05
1.603206412825651128e+01 -1.328317212039533124e-01 5.136343965273673873e-05
1.607214428857715305e+01 -1.181368361080794016e-01 6.594540235855732649e-05
1.611222444889779482e+01 -1.019498152604023794e-01 8.848817082497964709e-05
1.615230460921843658e+01 -8.458104233855656684e-02 1.223567980051866488e-04
1.619238476953907835e+01 -6.636337054243823808e-02 1.712952177363086573e-04
1.623246492985972012e+01 -4.764588146510036898e-02 2.385924619934750332e-04
1.627254509018035833e+01 -2.878627193811184037e-02 3.256493359426188960e-04
1.631262525050100010e+01 -1.014378996083888269e-02 4.300981807713665861e-04
1.635270541082164186e+01 7.928319723881060641e-03 5.439379701363396226e-04
1.639278557114228363e+01 2.509009793118398626e-02 6.524677853997103280e-04
1.643286573146292540e+01 4.102167107420662956e-02 7.349670647893633262e-04
1.647294589178356716e+01 5.543001846495748675e-02 7.679398320425788590e-04
1.651302605210420893e+01 6.805449908761149191e-02 7.311729521011094178e-04
1.655310621242485070e+01 7.867230817786027841e-02 6.160025307891779526e-04
1.659318637274548891e+01 8.710242369662787865e-02 4.340078636231472055e-04
1.663326653306613068e+01 9.320911630936691561e-02 2.235701968422462813e-04
1.667334669338677244e+01 9.690410768793045193e-02 5.128100338399069148e-05
1.671342685370741421e+01 9.814783281367321643e-02 5.895022598301335693e-06
1.675350701402805598e+01 9.694968019751649957e-02 1.840014285206552553e-04
1.679358717434869774e+01 9.336705654676195898e-02 6.689485130534814734e-04
1.683366733466933951e+01 8.750368644208998681e-02 1.506970473899132664e-03
1.687374749498997772e+01 7.950681006616709678e-02 2.686299819579519334e-03
1.691382765531061949e+01 6.956365100165336213e-02 4.125495484760903150e-03
1.695390781563126126e+01 5.789724506013644439e-02 5.675889621223397311e-03
1.699398797595190302e+01 4.476133586224812638e-02 7.140157971062744378e-03
1.703406813627254479e+01 3.043533832067907979e-02 8.304801779465333100e-03
1.707414829659318656e+01 1.521813139595720211e-02 8.980740105171089796e-03
1.711422845691382832e+01 -5.774684098555410341e-04 9.042939994430562040e-03
1.715430861723446654e+01 -1.663141092585819145e-02 8.459980776173782122e-03
1.719438877755510831e+01 -3.262213443186322975e-02 7.305717071296529211e-03
1.723446893787575007e+01 -4.823316708220738713e-02 5.749574258880488578e-03
1.727454909819639184e+01 -6.315875887356131591e-02 4.026815349727786222e-03
1.731462925851703361e+01 -7.710987866234034205e-02 2.394959777451354486e-03
1.735470941883767537e+01 -8.981943627653229956e-02 1.085932097764635536e-03
1.739478957915831714e+01 -1.010473058631543575e-01 2.642615133122551787e-04
1.743486973947895891e+01 -1.105847671330302262e-01 1.429976150794019545e-07
1.747494989979959712e+01 -1.182583191284050234e-01 2.623885683057923003e-04
1.751503006012023889e+01 -1.239329321802168787e-01 9.316014997732189034e-04
1.755511022044088065e+01 -1.275145197117490692e-01 1.829415442199792876e-03
1.759519038076152242e+01 -1.289516242378130062e-01 2.756502539466042234e-03
1.763527054108216419e+01 -1.282364458080386127e-01 3.530766159013734324e-03
1.767535070140280595e+01 -1.254047413933583877e-01 4.018102708812837376e-03
1.771543086172344772e+01 -1.205352853295572901e-01 4.150479492712843936e-03
1.775551102204408593e+01 -1.137479736711131673e-01 3.929424242874558076e-03
1.779559118236472770e+01 -1.052016189996632933e-01 3.416320173989917126e-03
1.783567134268536947e+01 -9.509045077876691898e-02 2.713267088672068495e-03
1.787575150300601123e+01 -8.364025215278106384e-02 1.939688743942314395e-03
1.791583166332665300e+01 -7.110360901750359397e-02 1.209704996377011310e-03
1.795591182364729477e+01 -5.775456779494249349e-02 6.143151921356886959e-04
1.799599198396793653e+01 -4.388308792566613520e-02 2.107254842225093786e-04
1.803607214428857475e+01 -2.978861980970205076e-02 1.930959767001500855e-05
1.807615230460921651e+01 -1.577421429471296752e-02 2.721607313342613214e-05
1.811623246492985828e+01 -2.139675746002515141e-03 1.965712436659811763e-04
1.815631262525050005e+01 1.082427697132898499e-02 4.748951623382751731e-04
1.819639278557114181e+01 2.284252808508926633e-02 8.054897601602199796e-04
1.823647294589178358e+01 3.366093543961446583e-02 1.136117090240732711e-03
1.827655310621242535e+01 4.305184828998125796e-02 1.424994149940355444e-03
1.831663326653306711e+01 5.081856650257357555e-02 1.643855345226113160e-03
1.835671342685370533e+01 5.679937238198082966e-02 1.778363813396097257e-03
1.839679358717434710e+01 6.087065332569745191e-02 1.826536336123077853e-03
1.843687374749498886e+01 6.294919111539624967e-02 1.795950389593643087e-03
1.847695390781563063e+01 6.299359709962165654e-02 1.700479280358735542e-03
1.851703406813627240e+01 6.100482802696849394e-02 1.557151369114007262e-03
1.855711422845691416e+01 5.702572190185206669e-02 1.383506701208866855e-03
1.859719438877755593e+01 5.113986676599893005e-02 1.195663268658621412e-03
1.863727454909819414e+01 4.346925645028151125e-02 1.007100223588354351e-03
1.867735470941883591e+01 3.417169479217457839e-02 8.280968812707173790e-04
1.871743486973947768e+01 2.343684571168456326e-02 6.656732547357327055e-04
1.875751503006011944e+01 1.148238622623144571e-02 5.238837868363322532e-04
1.879759519038076121e+01 -1.451089767632206522e-03 4.043135493124115328e-04
1.883767535070140298e+01 -1.510490269271682305e-02 3.066587563970219117e-04
1.887775551102204474e+01 -2.920798367941833742e-02 2.293050737273693576e-04
1.891783567134268296e+01 -4.348234939115956654e-02 1.698469422136536966e-04
1.895791583166332472e+01 -5.764885431408626332e-02 1.255196693841207939e-04
1.899799599198396649e+01 -7.143288899128405478e-02 9.353457535696504976e-05
1.903807615230460826e+01 -8.456971952646065438e-02 7.132154878944691368e-05
1.907815631262525002e+01 -9.680991088696831726e-02 5.669091713002831517e-05
1.911823647294589179e+01 -1.079239177403919503e-01 4.792746429451241351e-05
1.915831663326653356e+01 -1.177066884161219462e-01 4.382729715619817937e-05
1.919839679358717532e+01 -1.259812805582233020e-01 4.368196752898218839e-05
1.923847695390781354e+01 -1.326021964360913907e-01 4.720720227765200932e-05
1.927855711422845530e+01 -1.374578135615929786e-01 5.441067023731568258e-05
1.931863727454909707e+01 -1.404721915021527601e-01 6.539398106150529750e-05
1.935871743486973884e+01 -1.416061247686536684e-01 8.009816853576385415e-05
1.939879759519038060e+01 -1.408573643443134238e-01 9.802272987439614182e-05
1.943887775551102237e+01 -1.382601534635477525e-01 1.179781122207845459e-04
1.947895791583166414e+01 -1.338839901311222880e-01 1.379561766637552717e-04
1.951903807615230235e+01 -1.278316063695604243e-01 1.552094711190792249e-04
1.955911823647294412e+01 -1.202365300319256508e-01 1.666019765160154016e-04
1.959919839679358589e+01 -1.112596303151630467e-01 1.692294371472443087e-04
1.963927855711422765e+01 -1.010857723895105115e-01 1.611985261802628645e-04
1.967935871743486942e+01 -8.991928161952777998e-02 1.423644971353422994e-04
1.971943887775551119e+01 -7.797995444790589703e-02 1.147466128288325229e-04
1.975951903807615295e+01 -6.549795153417911631e-02 8.238841207664439792e-05
1.979959919839679117e+01 -5.270944378159402033e-02 5.055105872127788530e-05
1.983967935871743293e+01 -3.985148099126210874e-02 2.437413115519632674e-05
1.987975951903807470e+01 -2.715758304751485566e-02 7.384938101402746642e-06
1.991983967935871647e+01 -1.485307236675607531e-02 3.976842175247930225e-07
1.995991983967935823e+01 -3.150942453741885103e-03 1.309024946661264169e-06
2.000000000000000000e+01 7.751983124295027013e-03 6.004460017328640290e-06
