# time correlation overlap_with_initial
0.000000000000000000e+00 -7.647058823529411242e-01 1.000000000000000000e+00
4.008016032064128098e-02 -7.622507290680717862e-01 9.856428368442178289e-01
8.016032064128256196e-02 -7.549058638031000967e-01 9.437569336407088949e-01
1.202404809619238429e-01 -7.427331173117904806e-01 8.777428156409157189e-01
1.603206412825651239e-01 -7.258358622384595282e-01 7.927752694668075417e-01
2.004008016032063910e-01 -7.043587567214454337e-01 6.951513646796795287e-01
2.404809619238476859e-01 -6.784879306948891076e-01 5.915430978142851570e-01
2.805611222444889807e-01 -6.484506651646934072e-01 4.882699245660575005e-01
3.206412825651302478e-01 -6.145151617502507824e-01 3.907004590973540692e-01
3.607214428857715149e-01 -5.769899542491688793e-01 3.028538338188604961e-01
4.008016032064127820e-01 -5.362227341220758836e-01 2.272314684297325749e-01
4.408817635270541047e-01 -4.925992720673548209e-01 1.648663252175578131e-01
4.809619238476953718e-01 -4.465408567711255383e-01 1.155416299823603526e-01
5.210420841683366389e-01 -3.985024463580158494e-01 7.811382877011492643e-02
5.611222444889779615e-01 -3.489684226271637102e-01 5.086906790823964714e-02
6.012024048096191731e-01 -2.984497107613911515e-01 3.185440678776629841e-02
6.412825651302604957e-01 -2.474777792120664843e-01 1.914310171687156129e-02
6.813627254509018183e-01 -1.966005553879881518e-01 1.101486421206237555e-02
7.214428857715430299e-01 -1.463748802588155096e-01 6.052038534213359348e-03
7.615230460921843525e-01 -9.736119622321183498e-02 3.165218765414663966e-03
8.016032064128255641e-01 -5.011495118871045484e-02 1.569843168473630248e-03
8.416833667334668867e-01 -5.180222292026830620e-03 7.350186751868887551e-04
8.817635270541082093e-01 3.691919717186691735e-02 3.231037942279115600e-04
9.218436873747494209e-01 7.568686942620282687e-02 1.324368064819440968e-04
9.619238476953907435e-01 1.106620875550974742e-01 5.017548781618276596e-05
1.002004008016031955e+00 1.414270260002877255e-01 1.736775697052381147e-05
1.042084168336673278e+00 1.676138287453539655e-01 5.404596660625796467e-06
1.082164328657314600e+00 1.889109817319836182e-01 1.476398741518329475e-06
1.122244488977955923e+00 2.050685376730559673e-01 3.407673036650676226e-07
1.162324649298597246e+00 2.159028349212025466e-01 6.199289194614728299e-08
1.202404809619238346e+00 2.212994526170554976e-01 7.629510875054193898e-09
1.242484969939879669e+00 2.212155669426684457e-01 3.831365013480769790e-10
1.282565130260520991e+00 2.156804342981987477e-01 4.082814366912634703e-12
1.322645290581162314e+00 2.047949652031391954e-01 1.682430285386095330e-11
1.362725450901803637e+00 1.887297581075140784e-01 4.138944691833099065e-14
1.402805611222444737e+00 1.677218392191300311e-01 1.289450599318162318e-11
1.442885771543086060e+00 1.420704797243498296e-01 2.609564298738556127e-11
1.482965931863727382e+00 1.121314420236252385e-01 1.596124693689895506e-11
1.523046092184368705e+00 7.831097624589589135e-02 5.052327564365001826e-13
1.563126252505010028e+00 4.105826989036866909e-02 1.531533009644630041e-11
1.603206412825651128e+00 8.581142110987452455e-04 7.817519312355143713e-11
1.643286573146292451e+00 -4.177749160562627823e-02 1.677139545202729302e-10
1.683366733466933773e+00 -8.631744844430842833e-02 2.304615928904235202e-10
1.723446893787575096e+00 -1.322198189685224456e-01 2.170289817271299111e-10
1.763527054108216419e+00 -1.789400690285438966e-01 1.264996420392837535e-10
1.803607214428857741e+00 -2.259383785127289934e-01 2.438045217874069574e-11
1.843687374749498842e+00 -2.726873652528269409e-01 1.162963868383769152e-11
1.883767535070140164e+00 -3.186778735383035133e-01 1.575727996050722770e-10
1.923847695390781487e+00 -3.634256278012281127e-01 4.418039788566021064e-10
1.963927855711422810e+00 -4.064752140742466380e-01 7.506124465502942422e-10
2.004008016032063910e+00 -4.474052760349326308e-01 9.376750236111299184e-10
2.044088176352705233e+00 -4.858306955870903554e-01 9.112302041815048344e-10
2.084168336673346555e+00 -5.214061441444461931e-01 6.891663915599579518e-10
2.124248496993987878e+00 -5.538267157819348752e-01 3.844048397467559034e-10
2.164328657314629201e+00 -5.828298498718427201e-01 1.323343537774465809e-10
2.204408817635270523e+00 -6.081948356900955810e-01 1.162545870382747302e-11
2.244488977955911846e+00 -6.297433004940353740e-01 1.087450662215969598e-11
2.284569138276553169e+00 -6.473380646482739253e-01 5.777953967932279399e-11
2.324649298597194491e+00 -6.608825265591723452e-01 8.190757487935916561e-11
2.364729458917835370e+00 -6.703192783045344161e-01 6.162475618119368877e-11
2.404809619238476692e+00 -6.756288327020655293e-01 2.332573233844374598e-11
2.444889779559118015e+00 -6.768282390413730143e-01 1.664562414016034157e-12
2.484969939879759337e+00 -6.739696052759859279e-01 1.510672629445930361e-12
2.525050100200400660e+00 -6.671388030104756783e-01 1.508333236463834454e-12
2.565130260521041983e+00 -6.564541140128867802e-01 6.194212694268966834e-12
2.605210420841683305e+00 -6.420649947544860847e-01 1.123720703690960816e-10
2.645290581162324628e+00 -6.241509917284674414e-01 5.358031859114710123e-10
2.685370741482965951e+00 -6.029204351790415917e-01 1.561298893860815458e-09
2.725450901803607273e+00 -5.786095745817987357e-01 3.423515170384255972e-09
2.765531062124248596e+00 -5.514810086740588035e-01 6.170518035777520765e-09
2.805611222444889474e+00 -5.218228224353957945e-01 9.579154494509033377e-09
2.845691382765530797e+00 -4.899465539041043538e-01 1.317269862559927435e-08
2.885771543086172120e+00 -4.561859934076405443e-01 1.634275486803529180e-08
2.925851703406813442e+00 -4.208945451089888268e-01 1.853196602778104536e-08
2.965931863727454765e+00 -3.844432964420835819e-01 1.940535618664788393e-08
3.006012024048096087e+00 -3.472177435812027757e-01 1.894784357113539201e-08
3.046092184368737410e+00 -3.096147947757944552e-01 1.745743213354906179e-08
3.086172344689378733e+00 -2.720389167468542646e-01 1.544911938000562176e-08
3.126252505010020055e+00 -2.348979432823110336e-01 1.352141940165509622e-08
3.166332665330661378e+00 -1.985987506728795760e-01 1.226009792505659781e-08
3.206412825651302256e+00 -1.635420117034549481e-01 1.226256587714005077e-08
3.246492985971943579e+00 -1.301175964917123118e-01 1.437066715591242138e-08
3.286573146292584902e+00 -9.869863976780679504e-02 2.020414793465812912e-08
3.326653306613226224e+00 -6.963696474604162689e-02 3.308608642214580579e-08
3.366733466933867547e+00 -4.325701331352892892e-02 5.941444422849642951e-08
3.406813627254508869e+00 -1.985166182548743496e-02 1.104095786683737257e-07
3.446893787575150192e+00 3.233321729782480045e-04 2.038638410951075168e-07
3.486973947895791515e+00 1.705272757519180754e-02 3.649857298631207033e-07
3.527054108216432837e+00 3.016618165167050947e-02 6.245808147819315697e-07
3.567134268537074160e+00 3.954049261331080145e-02 1.011939857309420770e-06
3.607214428857715482e+00 4.510226566070160703e-02 1.539200209611890919e-06
3.647294589178356361e+00 4.682870625605712461e-02 2.175189955154850785e-06
3.687374749498997684e+00 4.474823826617173317e-02 2.811313598458414729e-06
3.727454909819639006e+00 3.893965615179633549e-02 3.233842621495022767e-06
3.767535070140280329e+00 2.953065828961458014e-02 3.139112289832931696e-06
3.807615230460921651e+00 1.669528857240395320e-02 2.265713420441499137e-06
3.847695390781562974e+00 6.506393371795653581e-04 7.728748159156510411e-07
3.887775551102204297e+00 -1.834730890749209850e-02 6.598342276902301093e-08
3.927855711422845619e+00 -4.000835869174944326e-02 4.350280997617798811e-06
3.967935871743486942e+00 -6.401353748560721646e-02 2.326255712571936312e-05
4.008016032064127820e+00 -9.002057370187138696e-02 7.595696751041415399e-05
4.048096192384769587e+00 -1.176701275131264157e-01 1.969588520806420269e-04
4.088176352705410466e+00 -1.465914715761867104e-01 4.439053244402407046e-04
4.128256513026052232e+00 -1.764089148660332729e-01 9.069032384203833987e-04
4.168336673346693111e+00 -2.067471401452567747e-01 1.718676669129042250e-03
4.208416833667334878e+00 -2.372372053043380613e-01 3.063892513133243279e-03
4.248496993987975756e+00 -2.675211115772092585e-01 5.185307368885304358e-03
4.288577154308616635e+00 -2.972568317467429999e-01 8.383582242793541014e-03
4.328657314629258401e+00 -3.261218513906292138e-01 1.300742869498010268e-02
4.368737474949899280e+00 -3.538168131954163576e-01 1.943089617975534561e-02
4.408817635270541047e+00 -3.800679453951368858e-01 2.801603216827221188e-02
4.448897795591181925e+00 -4.046291297385734009e-01 3.906116031431912383e-02
4.488977955911823692e+00 -4.272832492547454786e-01 5.273831109419056112e-02
4.529058116232464570e+00 -4.478427600468368741e-01 6.902673087127358942e-02
4.569138276553106337e+00 -4.661500704514985882e-01 8.765291014453313601e-02
4.609218436873747216e+00 -4.820769043279622967e-01 1.080494789289595664e-01
4.649298597194388982e+00 -4.955239167734391548e-01 1.293459091569584551e-01
4.689378757515029861e+00 -5.064192521758533738e-01 1.504005496885587878e-01
4.729458917835670739e+00 -5.147176579157550780e-01 1.698792915563556993e-01
4.769539078156312506e+00 -5.203986754393187253e-01 1.863765040081259983e-01
4.809619238476953385e+00 -5.234655204049235566e-01 1.985674030783801391e-01
4.849699398797595151e+00 -5.239433005236443508e-01 2.053701321029706151e-01
4.889779559118236030e+00 -5.218778911507088170e-01 2.060937395089310065e-01
4.929859719438877796e+00 -5.173344616973435395e-01 2.005446656637050740e-01
4.969939879759518675e+00 -5.103965015133631322e-01 1.890716814428346215e-01
5.010020040080160442e+00 -5.011647786048837316e-01 1.725371648403757341e-01
5.050100200400801320e+00 -4.897565802980591299e-01 1.522165210934740831e-01
5.090180360721443087e+00 -4.763050516366784670e-01 1.296409081246305828e-01
5.130260521042083965e+00 -4.609586270681085840e-01 1.064088985685215372e-01
5.170340681362724844e+00 -4.438805422910289677e-01 8.399901474637758159e-02
5.210420841683366611e+00 -4.252483467602245493e-01 6.361370847040927201e-02
5.250501002004007489e+00 -4.052532970921450262e-01 4.607796907829537353e-02
5.290581162324649256e+00 -3.840997683064673041e-01 3.180432605023440773e-02
5.330661322645290134e+00 -3.620042275250290320e-01 2.082144817262006689e-02
5.370741482965931901e+00 -3.391943329462471235e-01 1.285283743160610566e-02
5.410821643286572780e+00 -3.159072445676462393e-01 7.423282238089448128e-03
5.450901803607214546e+00 -2.923882249222889973e-01 3.969862439433343229e-03
5.490981963927855425e+00 -2.688881608660733669e-01 1.937107845956408201e-03
5.531062124248497192e+00 -2.456615532192709117e-01 8.436511215359201663e-04
5.571142284569138070e+00 -2.229632823510142303e-01 3.163526021669342591e-04
5.611222444889778949e+00 -2.010459806932936022e-01 9.550326560637674672e-05
5.651302605210420715e+00 -1.801562477633492643e-01 1.984598452010579778e-05
5.691382765531061594e+00 -1.605315202095908833e-01 1.562436607082678655e-06
5.731462925851703361e+00 -1.423960957621066004e-01 1.669556208119087417e-07
5.771543086172344239e+00 -1.259577340847951310e-01 1.059842582363602116e-06
5.811623246492986006e+00 -1.114039385328181447e-01 1.068665169168691904e-06
5.851703406813626884e+00 -9.889864273153256558e-02 5.458909865157870050e-07
5.891783567134268651e+00 -8.857917625361542979e-02 1.263909212939645459e-07
5.931863727454909530e+00 -8.055348366287767847e-02 9.091400664566511835e-12
5.971943887775551296e+00 -7.489812903568433822e-02 9.179248026041682514e-08
6.012024048096192175e+00 -7.165647469183569762e-02 3.201804588164627534e-07
6.052104208416833053e+00 -7.083797680618184045e-02 7.097673324679332324e-07
6.092184368737474820e+00 -7.241764750467903633e-02 1.412205561247603568e-06
6.132264529058115698e+00 -7.633675278869428427e-02 2.702456506108713660e-06
6.172344689378757465e+00 -8.250371757816568619e-02 4.933229968745121245e-06
6.212424849699398344e+00 -9.079617695529897115e-02 8.398035897650422184e-06
6.252505010020040110e+00 -1.010632850085781409e-01 1.310864316513884388e-05
6.292585170340680989e+00 -1.131289161378024044e-01 1.858926428586774797e-05
6.332665330661322756e+00 -1.267951371461619459e-01 2.383771107802617185e-05
6.372745490981963634e+00 -1.418462307665028233e-01 2.754611228293665822e-05
6.412825651302604513e+00 -1.580529196644782364e-01 2.854457272469970681e-05
6.452905811623246279e+00 -1.751768070656387344e-01 2.628715894668607510e-05
6.492985971943887158e+00 -1.929748325714030488e-01 2.115188666585261161e-05
6.533066132264528925e+00 -2.112036961415753034e-01 1.438835805662967292e-05
6.573146292585169803e+00 -2.296240118794311558e-01 7.709907485603817196e-06
6.613226452905811570e+00 -2.480042939409251579e-01 2.693066316143810409e-06
6.653306613226452448e+00 -2.661243542795395656e-01 2.403417607956165902e-07
6.693386773547094215e+00 -2.837784925536122049e-01 3.281075329863098191e-07
6.733466933867735094e+00 -3.007778278200751720e-01 2.127854047911530961e-06
6.773547094188376860e+00 -3.169524494684620719e-01 4.419017072687735325e-06
6.813627254509017739e+00 -3.321525514332349660e-01 6.093512560353926798e-06
6.853707414829658617e+00 -3.462494492017061387e-01 6.534992528569913525e-06
6.893787575150300384e+00 -3.591355689373468274e-01 5.737704642717750981e-06
6.933867735470941263e+00 -3.707243920042538332e-01 4.161902594330183400e-06
6.973947895791583029e+00 -3.809495113546105260e-01 2.437600101442450637e-06
7.014028056112223908e+00 -3.897637038907136864e-01 1.072047985240949709e-06
7.054108216432865675e+00 -3.971373785163189174e-01 2.854667264003188450e-07
7.094188376753506553e+00 -4.030570756815647915e-01 1.353342677030338871e-08
7.134268537074148320e+00 -4.075236795270018031e-01 3.233927059071529417e-08
7.174348697394789198e+00 -4.105506904266600920e-01 1.144972987434734867e-07
7.214428857715430965e+00 -4.121625471932457985e-01 1.338875607170258633e-07
7.254509018036071843e+00 -4.123930141650289927e-01 8.297807153452646409e-08
7.294589178356712722e+00 -4.112838702987132722e-01 2.064760115315748248e-08
7.334669338677354489e+00 -4.088836804386862811e-01 4.921094879300365299e-10
7.374749498997995367e+00 -4.052469939491394890e-01 2.748005376667930461e-08
7.414829659318637134e+00 -4.004336448400853121e-01 6.296552442727768699e-08
7.454909819639278012e+00 -3.945084737175488798e-01 6.452694075879156954e-08
7.494989979959919779e+00 -3.875411581886049062e-01 2.771790373834337283e-08
7.535070140280560658e+00 -3.796063468204682878e-01 2.422263179768519199e-11
7.575150300601202424e+00 -3.707838880919446245e-01 5.763962196598684003e-08
7.615230460921843303e+00 -3.611591674330247304e-01 2.592563937403810686e-07
7.655310621242485070e+00 -3.508235026830204273e-01 6.041390530801353134e-07
7.695390781563125948e+00 -3.398744248201455154e-01 1.018551827382647063e-06
7.735470941883766827e+00 -3.284159562253992637e-01 1.378443317949663392e-06
7.775551102204408593e+00 -3.165585837269055958e-01 1.557945700293365960e-06
7.815631262525049472e+00 -3.044191398457665731e-01 1.481403892438283064e-06
7.855711422845691239e+00 -2.921202817563388621e-01 1.157590607372564963e-06
7.895791583166332117e+00 -2.797897601189064387e-01 6.850455689488494044e-07
7.935871743486973884e+00 -2.675593144214816754e-01 2.317070561702959107e-07
7.975951903807614762e+00 -2.555632366645256837e-01 2.371609358835640599e-09
8.016032064128255641e+00 -2.439367066543495499e-01 2.106098791999545042e-07
8.056112224448897408e+00 -2.328137061029205146e-01 1.067600397830486597e-06
8.096192384769539174e+00 -2.223249351936366358e-01 2.792637665091720431e-06
8.136272545090179165e+00 -2.125952751183286249e-01 5.642631173196540744e-06
8.176352705410820931e+00 -2.037415270622100205e-01 9.953135691014227215e-06
8.216432865731462698e+00 -1.958697346145153173e-01 1.618117230107788846e-05
8.256513026052104465e+00 -1.890730479804985931e-01 2.493912162506876023e-05
8.296593186372744455e+00 -1.834292811727027683e-01 3.700610778230461773e-05
8.336673346693386222e+00 -1.789992162428328537e-01 5.330145406447434411e-05
8.376753507014027988e+00 -1.758247706754953454e-01 7.479982873953045115e-05
8.416833667334669755e+00 -1.739280161010526016e-01 1.023708835677610273e-04
8.456913827655309746e+00 -1.733102664838803708e-01 1.365294121168799356e-04
8.496993987975951512e+00 -1.739519994949145776e-01 1.771009451553001842e-04
8.537074148296593279e+00 -1.758130532631431708e-01 2.228287803940465597e-04
8.577154308617233269e+00 -1.788335269631018132e-01 2.709852147617788985e-04
8.617234468937875036e+00 -1.829351013513505764e-01 3.170871740466191528e-04
8.657314629258516803e+00 -1.880228760761638307e-01 3.548606115428096924e-04
8.697394789579158569e+00 -1.939876542126577619e-01 3.766336971061648095e-04
8.737474949899798560e+00 -2.007085415589187072e-01 3.743626508934389105e-04
8.777555110220440326e+00 -2.080558980079029452e-01 3.414838268225456070e-04
8.817635270541082093e+00 -2.158944029894447614e-01 2.757373928468654094e-04
8.857715430861723860e+00 -2.240862885136114258e-01 1.829852914932325299e-04
8.897795591182363850e+00 -2.324944957071205520e-01 8.187197215452379523e-05
8.937875751503005617e+00 -2.409857741515318841e-01 8.907781499143670751e-06
8.977955911823647384e+00 -2.494335327664270185e-01 2.327411390370024447e-05
9.018036072144287374e+00 -2.577204215593434933e-01 2.103383524394307393e-04
9.058116232464929141e+00 -2.657405212629638247e-01 6.826564013633625938e-04
9.098196392785570907e+00 -2.734011109036310616e-01 1.577177009636053810e-03
9.138276553106212674e+00 -2.806239392625169971e-01 3.047530570540048049e-03
9.178356713426852664e+00 -2.873460101863585248e-01 5.250792631899125693e-03
9.218436873747494431e+00 -2.935198197140517773e-01 8.328866762857817588e-03
9.258517034068136198e+00 -2.991131392685980050e-01 1.238571492477586779e-02
9.298597194388777964e+00 -3.041082631035462724e-01 1.746276299245311595e-02
9.338677354709417955e+00 -3.085009139109262111e-01 2.351589857471869313e-02
9.378757515030059722e+00 -3.122986964427105216e-01 3.039809277629543574e-02
9.418837675350701488e+00 -3.155193720338480556e-01 3.785185894257801081e-02
9.458917835671341479e+00 -3.181888268101396577e-01 4.551488542278195326e-02
9.498997995991983245e+00 -3.203390435842043416e-01 5.294094689275918170e-02
9.539078156312625012e+00 -3.220059495818922701e-01 5.963555400766935161e-02
9.579158316633266779e+00 -3.232274411429369998e-01 6.510379448644056100e-02
9.619238476953906769e+00 -3.240414698325969067e-01 6.890454666893128244e-02
9.659318637274548536e+00 -3.244844424302392727e-01 7.070416869284122663e-02
9.699398797595190302e+00 -3.245898390414238555e-01 7.032104068665358254e-02
9.739478957915832069e+00 -3.243872237029962746e-01 6.775374522184574033e-02
9.779559118236472059e+00 -3.239015765815015380e-01 6.318708659115458703e-02
9.819639278557113826e+00 -3.231530248049332976e-01 5.697390177822164725e-02
9.859719438877755593e+00 -3.221569328941831789e-01 4.959448433484384133e-02
9.899799599198395583e+00 -3.209243224514966020e-01 4.159929229889758329e-02
9.939879759519037350e+00 -3.194626231114935933e-01 3.354392316199803631e-02
9.979959919839679117e+00 -3.177766214775503695e-01 2.592646713308413564e-02
1.002004008016032088e+01 -3.158696519023877491e-01 1.913708910300717866e-02
1.006012024048096087e+01 -3.137448221807452309e-01 1.342713024176138935e-02
1.010020040080160264e+01 -3.114063434425344834e-01 8.901095643615542299e-03
1.014028056112224441e+01 -3.088607357436224943e-01 5.530673750459580602e-03
1.018036072144288617e+01 -3.061179754295634270e-01 3.185599113767825352e-03
1.022044088176352616e+01 -3.031923958696826626e-01 1.673817229905970533e-03
1.026052104208416793e+01 -3.001033712533384690e-01 7.822715925688415077e-04
1.030060120240480970e+01 -2.968756937026295617e-01 3.109870442849878769e-04
1.034068136272544969e+01 -2.935396078872350434e-01 9.562708961376290050e-05
1.038076152304609145e+01 -2.901305520023378937e-01 1.712227562995518969e-05
1.042084168336673322e+01 -2.866884910186773272e-01 1.197718098788708948e-07
1.046092184368737499e+01 -2.832570348045569397e-01 4.110790587883947005e-06
1.050100200400801498e+01 -2.798821648747110147e-01 1.181672025987550150e-05
1.054108216432865675e+01 -2.766108644098654867e-01 1.867496279837269605e-05
1.058116232464929851e+01 -2.734894659934631878e-01 2.561587255420970673e-05
1.062124248496994028e+01 -2.705620253227795646e-01 3.543120024325686511e-05
1.066132264529058027e+01 -2.678686048750399951e-01 5.158864397007089351e-05
1.070140280561122204e+01 -2.654436851027746624e-01 7.780670613140552492e-05
1.074148296593186380e+01 -2.633147185720602912e-01 1.170799123293813482e-04
1.078156312625250379e+01 -2.615008858790150992e-01 1.698349166107480782e-04
1.082164328657314556e+01 -2.600122136097632319e-01 2.319219456687381727e-04
1.086172344689378733e+01 -2.588489328879427509e-01 2.937257066619068852e-04
1.090180360721442909e+01 -2.580013619900047295e-01 3.414482614955902649e-04
1.094188376753506908e+01 -2.574500250592297590e-01 3.607897666561802491e-04
1.098196392785571085e+01 -2.571663702798246409e-01 3.420239465843921429e-04
1.102204408817635262e+01 -2.571136733441463096e-01 2.846562698390979452e-04
1.106212424849699438e+01 -2.572485173439898465e-01 1.996002594593974076e-04
1.110220440881763437e+01 -2.575223643464145673e-01 1.075895093092845279e-04
1.114228456913827614e+01 -2.578835882455859374e-01 3.385175489623291109e-05
1.118236472945891791e+01 -2.582794747013995584e-01 5.808821989652617300e-07
1.122244488977955790e+01 -2.586584953911418294e-01 1.973349962745092186e-05
1.126252505010019966e+01 -2.589724150102074574e-01 8.873301127404238794e-05
1.130260521042084143e+01 -2.591784426220010706e-01 1.907340747889696344e-04
1.134268537074148320e+01 -2.592410972803786406e-01 2.994888595318875488e-04
1.138276553106212319e+01 -2.591338828313994314e-01 3.871944374798765910e-04
1.142284569138276495e+01 -2.588405925622409010e-01 4.326419358811393434e-04
1.146292585170340672e+01 -2.583562249481280437e-01 4.269278211686754979e-04
1.150300601202404849e+01 -2.576874962293780880e-01 3.749518654959762610e-04
1.154308617234468848e+01 -2.568528279754718757e-01 2.924979257908618476e-04
1.158316633266533024e+01 -2.558819670413106095e-01 2.002836745787053071e-04
1.162324649298597201e+01 -2.548150197771749670e-01 1.172817481387512307e-04
1.166332665330661200e+01 -2.537012244235025138e-01 5.568185661920533594e-05
1.170340681362725377e+01 -2.525971586383108924e-01 1.893255907841925230e-05
1.174348697394789554e+01 -2.515648451608717417e-01 3.041490356666576152e-06
1.178356713426853730e+01 -2.506693932258257651e-01 3.638051586572754102e-08
1.182364729458917729e+01 -2.499767222814441026e-01 1.891732948974794645e-06
1.186372745490981906e+01 -2.495509905374146964e-01 3.333707222727792406e-06
1.190380761523046083e+01 -2.494522781440361436e-01 2.698584173162586239e-06
1.194388777555110259e+01 -2.497341909245015257e-01 9.872840432699291629e-07
1.198396793587174258e+01 -2.504418482192042328e-01 7.778886103118467399e-09
1.202404809619238435e+01 -2.516100175889602886e-01 7.227117832078319746e-07
1.206412825651302612e+01 -2.532617098632488073e-01 2.600514234549051511e-06
1.210420841683366611e+01 -2.554071039205632054e-01 4.121843000031006692e-06
1.214428857715430787e+01 -2.580429662506044663e-01 3.969839155693140120e-06
1.218436873747494964e+01 -2.611524955521146163e-01 2.124812852488655003e-06
1.222444889779559141e+01 -2.647056576426757846e-01 2.067274536231500932e-07
1.226452905811623140e+01 -2.686599403745332793e-01 8.554111286316976079e-07
1.230460921843687316e+01 -2.729615534443107228e-01 6.458827415196461589e-06
1.234468937875751493e+01 -2.775469524962400625e-01 1.787082775330452893e-05
1.238476953907815670e+01 -2.823447207024414873e-01 3.375545958490089549e-05
1.242484969939879669e+01 -2.872776159453702127e-01 5.087454375372532227e-05
1.246492985971943845e+01 -2.922648472269034903e-01 6.519353005010845718e-05
1.250501002004008022e+01 -2.972243346097210304e-01 7.330435115220352139e-05
1.254509018036072021e+01 -3.020750346673096165e-01 7.356597066901950489e-05
1.258517034068136198e+01 -3.067390867285109679e-01 6.651755773657698858e-05
1.262525050100200374e+01 -3.111438377793258603e-01 5.447319643043384057e-05
1.266533066132264551e+01 -3.152235800727682946e-01 4.055276569492106975e-05
1.270541082164328550e+01 -3.189209811897664726e-01 2.760037154869596099e-05
1.274549098196392727e+01 -3.221881873139539887e-01 1.742355421006111263e-05
1.278557114228456904e+01 -3.249874758339560965e-01 1.058259461513985082e-05
1.282565130260520903e+01 -3.272915971276187941e-01 6.695493423256270730e-06
1.286573146292585079e+01 -3.290836066206850319e-01 5.019538047030911220e-06
1.290581162324649256e+01 -3.303564435600288562e-01 5.004422396566911771e-06
1.294589178356713433e+01 -3.311120409558241939e-01 6.589045508877953304e-06
1.298597194388777432e+01 -3.313602699483925162e-01 1.017125990086560260e-05
1.302605210420841608e+01 -3.311175489409927120e-01 1.633214443381131824e-05
1.306613226452905785e+01 -3.304053927414113412e-01 2.548209759200672893e-05
1.310621242484969962e+01 -3.292488254180603868e-01 3.758620688158321701e-05
1.314629258517033961e+01 -3.276748432990436721e-01 5.205886598497728546e-05
1.318637274549098137e+01 -3.257109637086031961e-01 6.782191083311020160e-05
1.322645290581162314e+01 -3.233839250906905827e-01 8.346121809905013788e-05
1.326653306613226313e+01 -3.207186687626019661e-01 9.739555375037483058e-05
1.330661322645290490e+01 -3.177375527444342707e-01 1.080003242234617951e-04
1.334669338677354666e+01 -3.144599700191288982e-01 1.136811176134353056e-04
1.338677354709418843e+01 -3.109022510220847413e-01 1.129449435358070565e-04
1.342685370741482842e+01 -3.070779879923647981e-01 1.045640966531958470e-04
1.346693386773547019e+01 -3.029986571537098272e-01 8.794872754323967566e-05
1.350701402805611195e+01 -2.986745715805634860e-01 6.384597135584734243e-05
1.354709418837675372e+01 -2.941160979838955414e-01 3.544883479078504490e-05
1.358717434869739371e+01 -2.893350222878576794e-01 9.928544945399193694e-06
1.362725450901803548e+01 -2.843461021945153377e-01 2.895455702555490653e-07
1.366733466933867724e+01 -2.791685268730018099e-01 2.731065601501819797e-05
1.370741482965931723e+01 -2.738274611850639029e-01 1.211946850710058564e-04
1.374749498997995900e+01 -2.683552372394050201e-01 3.224527659543340659e-04
1.378757515030060077e+01 -2.627925256145434152e-01 6.815346557813695529e-04
1.382765531062124253e+01 -2.571889246309566612e-01 1.256791641985006329e-03
1.386773547094188253e+01 -2.516034423611169801e-01 2.110558504065052077e-03
1.390781563126252429e+01 -2.461042479774160630e-01 3.303380766986163241e-03
1.394789579158316606e+01 -2.407682569217320101e-01 4.886725405954247398e-03
1.398797595190380783e+01 -2.356799617482424059e-01 6.894769238127838006e-03
1.402805611222444782e+01 -2.309300619623750328e-01 9.336098629883283692e-03
1.406813627254508958e+01 -2.266134688139121722e-01 1.218629177401350794e-02
1.410821643286573135e+01 -2.228270937563904264e-01 1.538242895004988432e-02
1.414829659318637134e+01 -2.196672722279224554e-01 1.882053768653365114e-02
1.418837675350701311e+01 -2.172269957783120042e-01 2.235688075775831701e-02
1.422845691382765487e+01 -2.155931078314062554e-01 2.581370962761689314e-02
1.426853707414829664e+01 -2.148433817939806312e-01 2.898980472501516692e-02
1.430861723446893663e+01 -2.150438964222269322e-01 3.167548145418633970e-02
1.434869739478957840e+01 -2.162464042633560624e-01 3.367124720008442956e-02
1.438877755511022016e+01 -2.184862801217616057e-01 3.480834876952490498e-02
1.442885771543086193e+01 -2.217805883150425483e-01 3.496903537410742113e-02
1.446893787575150192e+01 -2.261269164818605903e-01 3.410358198440362199e-02
1.450901803607214369e+01 -2.315024438065576007e-01 3.224133829134987611e-02
1.454909819639278545e+01 -2.378638415950143359e-01 2.949319182298455050e-02
1.458917835671342544e+01 -2.451474882758239160e-01 2.604406203773484627e-02
1.462925851703406721e+01 -2.532704641804892076e-01 2.213536966154050142e-02
1.466933867735470898e+01 -2.621318822272027393e-01 1.803921076732950893e-02
1.470941883767535074e+01 -2.716148560928214328e-01 1.402769059778738968e-02
1.474949899799599073e+01 -2.815887501058442766e-01 1.034193555183426233e-02
1.478957915831663250e+01 -2.919118820515518853e-01 7.165853521093530978e-03
1.482965931863727427e+01 -3.024343713768861130e-01 4.608957970874037746e-03
1.486973947895791603e+01 -3.130012612376579240e-01 2.701085970138700915e-03
1.490981963927855602e+01 -3.234555869643800374e-01 1.399571008763406078e-03
1.494989979959919779e+01 -3.336415676880813419e-01 6.069368650066514622e-04
1.498997995991983956e+01 -3.434075278628195838e-01 1.951902257814200153e-04
1.503006012024047955e+01 -3.526088229397360552e-01 3.150075475952385506e-05
1.507014028056112132e+01 -3.611103098879191453e-01 1.448688490407797460e-07
1.511022044088176308e+01 -3.687887291643742738e-01 1.673148599704950881e-05
1.515030060120240485e+01 -3.755345168709599002e-01 3.286342278422185736e-05
1.519038076152304484e+01 -3.812534540730589394e-01 3.181761832119936017e-05
1.523046092184368661e+01 -3.858677234404234713e-01 1.798587648418755751e-05
1.527054108216432837e+01 -3.893167420834531267e-01 4.085270845291324800e-06
1.531062124248497014e+01 -3.915574706432305985e-01 2.553748730122325699e-07
1.535070140280561013e+01 -3.925644529325760246e-01 8.056465841507159215e-06
1.539078156312625190e+01 -3.923294708252729190e-01 2.050011743842077079e-05
1.543086172344689366e+01 -3.908609105448708210e-01 2.711320839951404180e-05
1.547094188376753365e+01 -3.881829120141500611e-01 2.135648658274436602e-05
1.551102204408817542e+01 -3.843342571874193703e-01 6.998639944847728629e-06
1.555110220440881719e+01 -3.793671874671367128e-01 4.996865211759656710e-07
1.559118236472945895e+01 -3.733460453722921013e-01 2.794389564884111019e-05
1.563126252505009894e+01 -3.663459376264711076e-01 1.170789828018046396e-04
1.567134268537074071e+01 -3.584513512878514385e-01 2.868963045053215914e-04
1.571142284569138248e+01 -3.497548212875799534e-01 5.382958099037153232e-04
1.575150300601202424e+01 -3.403556943354906772e-01 8.492655092383712872e-04
1.579158316633266423e+01 -3.303589174307024479e-01 1.176779944412294004e-03
1.583166332665330600e+01 -3.198740484800755013e-01 1.465431618634588980e-03
1.587174348697394777e+01 -3.090142239127592894e-01 1.660715736389830298e-03
1.591182364729458776e+01 -2.978954275254036554e-01 1.723103987908097042e-03
1.595190380761522952e+01 -2.866356323722756838e-01 1.638773412308021328e-03
1.599198396793587129e+01 -2.753542550778196873e-01 1.423614548762710532e-03
1.603206412825651128e+01 -2.641714134323207008e-01 1.119265496186103419e-03
1.607214428857715305e+01 -2.532074284380350093e-01 7.823092525706224236e-04
1.611222444889779482e+01 -2.425821066161757689e-01 4.698750765909404277e-04
1.615230460921843658e+01 -2.324141248166607110e-01 2.259490848548669222e-04
1.619238476953907835e+01 -2.228202339261413367e-01 7.230821926827312070e-05
1.623246492985972012e+01 -2.139143875579045395e-01 6.413781371263012816e-06
1.627254509018035833e+01 -2.058067752367568892e-01 6.283730951249675470e-06
1.631262525050100010e+01 -1.986026223512390443e-01 4.016962875733263825e-05
1.635270541082164186e+01 -1.924010097636161820e-01 7.751730491469746435e-05
1.639278557114228363e+01 -1.872933564379863913e-01 9.760663749836744985e-05
1.643286573146292540e+01 -1.833620565729131291e-01 9.341773431963549721e-05
1.647294589178356716e+01 -1.806787496524928649e-01 7.017006387405106858e-05
1.651302605210420893e+01 -1.793028846850650004e-01 3.991769596110132114e-05
1.655310621242485070e+01 -1.792799667259862284e-01 1.480888627714439443e-05
1.659318637274548891e+01 -1.806402230675986653e-01 1.805575725788190471e-06
1.663326653306613068e+01 -1.833970717222961622e-01 7.075360049471444643e-07
1.667334669338677244e+01 -1.875461014603459486e-01 5.806225954831253901e-06
1.671342685370741421e+01 -1.930640218984412959e-01 9.934941458299921440e-06
1.675350701402805598e+01 -1.999081687818620168e-01 8.790841165563856180e-06
1.679358717434869774e+01 -2.080161600593991578e-01 3.458543902045295317e-06
1.683366733466933951e+01 -2.173061001251130608e-01 1.783081041287122284e-09
1.687374749498997772e+01 -2.276770807850211631e-01 6.375424843705689824e-06
1.691382765531061949e+01 -2.390101899829580601e-01 2.812894000684679473e-05
1.695390781563126126e+01 -2.511698795555086794e-01 6.491530557700900673e-05
1.699398797595190302e+01 -2.640057855666866349e-01 1.094717673368720445e-04
1.703406813627254479e+01 -2.773548687435630766e-01 1.496562259057399610e-04
1.707414829659318656e+01 -2.910439364694695774e-01 1.728114689609068467e-04
1.711422845691382832e+01 -3.048923622114996235e-01 1.706962067258272593e-04
1.715430861723446654e+01 -3.187150933003115028e-01 1.429795208249346405e-04
1.719438877755510831e+01 -3.323256844277918676e-01 9.784271825089580084e-05
1.723446893787575007e+01 -3.455395001648220443e-01 4.941280981642431420e-05
1.727454909819639184e+01 -3.581767655178885734e-01 1.300894693049129590e-05
1.731462925851703361e+01 -3.700656402469309492e-01 8.828393397869764457e-09
1.735470941883767537e+01 -3.810449990535753062e-01 1.424966252258937857e-05
1.739478957915831714e+01 -3.909670706999437972e-01 5.119099698743761041e-05
1.743486973947895891e+01 -3.996997059615052250e-01 9.996571894034179853e-05
1.747494989979959712e+01 -4.071283349707515709e-01 1.473547424934879024e-04
1.751503006012023889e+01 -4.131575494743606192e-01 1.820860579429660223e-04
1.755511022044088065e+01 -4.177122288921535920e-01 1.979191234159561252e-04
1.759519038076152242e+01 -4.207383390181503868e-01 1.946068991993853885e-04
1.763527054108216419e+01 -4.222031935885102727e-01 1.767601717173058833e-04
1.767535070140280595e+01 -4.220954505309810201e-01 1.514173995433399451e-04
1.771543086172344772e+01 -4.204245808296734332e-01 1.254907890511088140e-04
1.775551102204408593e+01 -4.172201257338093439e-01 1.040556722969929572e-04
1.779559118236472770e+01 -4.125305250459492812e-01 8.991439915837774429e-05
1.783567134268536947e+01 -4.064217698330795381e-01 8.418256006449097433e-05
1.787575150300601123e+01 -3.989757930748007442e-01 8.724383737150514834e-05
1.791583166332665300e+01 -3.902887044064938249e-01 9.934707440425742295e-05
1.795591182364729477e+01 -3.804689635380822943e-01 1.204564950998241618e-04
1.799599198396793653e+01 -3.696354113296637656e-01 1.494501336057866181e-04
1.803607214428857475e+01 -3.579154307167593529e-01 1.831730468763582531e-04
1.807615230460921651e+01 -3.454429890472300313e-01 2.160084902926502929e-04
1.811623246492985828e+01 -3.323569463121088252e-01 2.404263098543123927e-04
1.815631262525050005e+01 -3.187992966364890379e-01 2.485924919193301477e-04
1.819639278557114181e+01 -3.049137187040003583e-01 2.346595349107688272e-04
1.823647294589178358e+01 -2.908441482647540210e-01 1.971086730297198840e-04
1.827655310621242535e+01 -2.767336002164210162e-01 1.404830449071045953e-04
1.831663326653306711e+01 -2.627231172275732995e-01 7.609748920467497904e-05
1.835671342685370533e+01 -2.489508384577877875e-01 2.166306614461801743e-05
1.839679358717434710e+01 -2.355512820922674444e-01 1.054914033225824204e-07
1.843687374749498886e+01 -2.226545852220251365e-01 3.803561747961389908e-05
1.847695390781563063e+01 -2.103860115900940131e-01 1.643212680731135809e-04
1.851703406813627240e+01 -1.988652554402213779e-01 4.090244378994824280e-04
1.855711422845691416e+01 -1.882060296874797090e-01 8.027000746730463335e-04
1.859719438877755593e+01 -1.785153234913614828e-01 1.375795120671197830e-03
1.863727454909819414e+01 -1.698929274859501681e-01 2.157717166117461335e-03
1.867735470941883591e+01 -1.624305634413850674e-01 3.175090393691482830e-03
1.871743486973947768e+01 -1.562112420127558243e-01 4.448857836146550074e-03
1.875751503006011944e+01 -1.513082388247531385e-01 5.990091651578367989e-03
1.879759519038076121e+01 -1.477842482366021615e-01 7.794813026764183146e-03
1.883767535070140298e+01 -1.456902519328616974e-01 9.838463785580670376e-03
1.887775551102204474e+01 -1.450645159709684773e-01 1.207114220948187974e-02
1.891783567134268296e+01 -1.459314662302408916e-01 1.441487477705627115e-02
1.895791583166332472e+01 -1.483006627913145137e-01 1.676422540279535675e-02
1.899799599198396649e+01 -1.521658391933465859e-01 1.899112147633803468e-02
1.903807615230460826e+01 -1.575040552200820954e-01 2.095416381422281898e-02
1.907815631262525002e+01 -1.642750781896634427e-01 2.251170955865852696e-02
1.911823647294589179e+01 -1.724209324465476312e-01 2.353727302447530464e-02
1.915831663326653356e+01 -1.818657938130749108e-01 2.393494344951209787e-02
1.919839679358717532e+01 -1.925161249002379504e-01 2.365247247222698052e-02
1.923847695390781354e+01 -2.042612112940087876e-01 2.268970527332508577e-02
1.927855711422845530e+01 -2.169740026737806970e-01 2.110089820078754272e-02
1.931863727454909707e+01 -2.305123479650648677e-01 1.899034248033330818e-02
1.935871743486973884e+01 -2.447205651371969770e-01 1.650181837524471867e-02
1.939879759519038060e+01 -2.594313458356193314e-01 1.380341912816311287e-02
1.943887775551102237e+01 -2.744679690911172587e-01 1.106977969608686878e-02
1.947895791583166414e+01 -2.896467597053208332e-01 8.464225392602740816e-03
1.951903807615230235e+01 -3.047797626560586615e-01 6.123013701132835017e-03
1.955911823647294412e+01 -3.196775679080901544e-01 4.143659845975416513e-03
1.959919839679358589e+01 -3.341521923598489430e-01 2.578524914630096060e-03
1.963927855711422765e+01 -3.480200331050633533e-01 1.434259979488471679e-03
1.967935871743486942e+01 -3.611046803284568840e-01 6.768556018967099601e-04
1.971943887775551119e+01 -3.732397354468204309e-01 2.413728597560678586e-04
1.975951903807615295e+01 -3.842712972749979250e-01 4.480905850314718220e-05
1.979959919839679117e+01 -3.940603919070438943e-01 1.019143382428713092e-07
1.983967935871743293e+01 -4.024849246393081281e-01 2.910653494125497420e-05
1.987975951903807470e+01 -4.094415120370781813e-01 7.250805046075931405e-05
1.991983967935871647e+01 -4.148467631741332706e-01 9.515267930607474269e-05
1.995991983967935823e+01 -4.186383722725712242e-01 8.611994676725195181e-05
2.000000000000000000e+01 -4.207756718367980375e-01 5.391333777647056827e-05
