# time correlation overlap_with_initial
0.000000000000000000e+00 -7.647058823529411242e-01 1.000000000000000000e+00
4.008016032064128098e-02 -7.622503243551654872e-01 9.888150719266309840e-01
8.016032064128256196e-02 -7.548994286402022080e-01 9.559704669403690236e-01
1.202404809619238429e-01 -7.427007705044337271e-01 9.035258540071329225e-01
1.603206412825651239e-01 -7.257343138223835144e-01 8.346863948428753233e-01
2.004008016032063910e-01 -7.041135184024414073e-01 7.534930675681962287e-01
2.404809619238476859e-01 -6.779862987282212483e-01 6.644453983044756873e-01
2.805611222444889807e-01 -6.475361913862266450e-01 5.721052195984877020e-01
3.206412825651302478e-01 -6.129841121872653398e-01 4.807292772145000948e-01
3.607214428857715149e-01 -5.745895552680031493e-01 3.939666299422182050e-01
4.008016032064127820e-01 -5.326512496570899868e-01 3.146497612631835028e-01
4.408817635270541047e-01 -4.875083655834943630e-01 2.446935538068005511e-01
4.809619238476953718e-01 -4.395408779402911748e-01 1.850958120666802431e-01
5.210420841683366389e-01 -3.891679370860587350e-01 1.360275274408338231e-01
5.611222444889779615e-01 -3.368474446264934086e-01 9.698443364080877593e-02
6.012024048096191731e-01 -2.830723291077325565e-01 6.697416409271453319e-02
6.412825651302604957e-01 -2.283704536542039976e-01 4.470933811296160659e-02
6.813627254509018183e-01 -1.732960611922556016e-01 2.878583506894853358e-02
7.214428857715430299e-01 -1.184271002691717617e-01 1.782634653017332871e-02
7.615230460921843525e-01 -6.435761170599171854e-02 1.058357063031523451e-02
8.016032064128255641e-01 -1.168981094525994337e-02 6.000141599542014627e-03
8.416833667334668867e-01 3.897409657289533508e-02 3.232462195108704982e-03
8.817635270541082093e-01 8.703968754523030982e-02 1.644731828285860226e-03
9.218436873747494209e-01 1.319337541345613207e-01 7.843051633287256592e-04
9.619238476953907435e-01 1.731096099612321193e-01 3.469777682218668120e-04
1.002004008016031955e+00 2.100612301422238037e-01 1.404925189427424115e-04
1.042084168336673278e+00 2.423300042762615847e-01 5.108241829994945729e-05
1.082164328657314600e+00 2.695160681759025678e-01 1.622147522322513039e-05
1.122244488977955923e+00 2.912851449759216171e-01 4.304153271611351766e-06
1.162324649298597246e+00 3.073759932785813387e-01 8.833640345432394578e-07
1.202404809619238346e+00 3.176077128253506077e-01 1.191872830648092979e-07
1.242484969939879669e+00 3.218819505203334708e-01 6.414141232113601395e-09
1.282565130260520991e+00 3.201869534856972566e-01 2.966280453219559262e-11
1.322645290581162314e+00 3.125977623413732087e-01 1.188266038474427396e-10
1.362725450901803637e+00 2.992748548763304872e-01 2.625107530039586426e-11
1.402805611222444737e+00 2.804621918176553041e-01 2.046676321127986966e-10
1.442885771543086060e+00 2.564806483328863074e-01 6.770919226651813957e-11
1.482965931863727382e+00 2.277243758973541421e-01 8.584733397723468918e-11
1.523046092184368705e+00 1.946512239450231829e-01 8.656981404107809996e-10
1.563126252505010028e+00 1.577743751786511717e-01 1.867739500846141091e-09
1.603206412825651128e+00 1.176526473321892613e-01 1.966371099762432532e-09
1.643286573146292451e+00 7.488033555376795436e-02 9.349364568082204448e-10
1.683366733466933773e+00 3.007626283199370601e-02 1.453042397278334707e-11
1.723446893787575096e+00 -1.612700465080239495e-02 9.511978182854256006e-10
1.763527054108216419e+00 -6.309313949818212697e-02 4.418732727007672545e-09
1.803607214428857741e+00 -1.101922666274781082e-01 9.207661687956195843e-09
1.843687374749498842e+00 -1.568105485072670280e-01 1.285431425529235672e-08
1.883767535070140164e+00 -2.023578898094102740e-01 1.324052232406099079e-08
1.923847695390781487e+00 -2.462754629783043270e-01 1.003310116099831872e-08
1.963927855711422810e+00 -2.880423939181928072e-01 4.988811020457922902e-09
2.004008016032063910e+00 -3.271803127979404646e-01 9.484909260652657174e-10
2.044088176352705233e+00 -3.632573596712793673e-01 1.805448739913572682e-10
2.084168336673346555e+00 -3.958914843754061663e-01 3.093478125596301449e-09
2.124248496993987878e+00 -4.247520774606116101e-01 8.060872958718015688e-09
2.164328657314629201e+00 -4.495608168514795278e-01 1.240098624475985160e-08
2.204408817635270523e+00 -4.700921952685612748e-01 1.389166087917348876e-08
2.244488977955911846e+00 -4.861731418789987380e-01 1.193038966795691411e-08
2.284569138276553169e+00 -4.976818582984107731e-01 7.707917127768144107e-09
2.324649298597194491e+00 -5.045467920821246066e-01 3.361738377649787390e-09
2.364729458917835370e+00 -5.067452233400631112e-01 6.573795215217764674e-10
2.404809619238476692e+00 -5.043014724330214804e-01 7.388808798896670725e-12
2.444889779559118015e+00 -4.972853846382800369e-01 4.322200241948742355e-10
2.484969939879759337e+00 -4.858106871652085879e-01 5.429829165604293650e-10
2.525050100200400660e+00 -4.700333792852774972e-01 4.448628573989900293e-11
2.565130260521041983e+00 -4.501503246225009858e-01 9.337749249422616463e-10
2.605210420841683305e+00 -4.263976997929799229e-01 7.660001253684571817e-09
2.645290581162324628e+00 -3.990495428262054722e-01 2.597265254403677022e-08
2.685370741482965951e+00 -3.684164467962670053e-01 6.079861726575689260e-08
2.725450901803607273e+00 -3.348438415917869282e-01 1.139724849394698565e-07
2.765531062124248596e+00 -2.987100114653946648e-01 1.827839209743920851e-07
2.805611222444889474e+00 -2.604243769797730534e-01 2.600238137095531831e-07
2.845691382765530797e+00 -2.204248945325572029e-01 3.356782934084614166e-07
2.885771543086172120e+00 -1.791747502915269630e-01 3.997956229868091801e-07
2.925851703406813442e+00 -1.371593590726451761e-01 4.456069419358663205e-07
2.965931863727454765e+00 -9.488222753317798741e-02 4.719702468620593673e-07
3.006012024048096087e+00 -5.285979674677176998e-02 4.845508147204191729e-07
3.046092184368737410e+00 -1.161647778161847312e-02 4.959217998892820746e-07
3.086172344689378733e+00 2.832120301528709416e-02 5.259397368011967702e-07
3.126252505010020055e+00 6.643153118905516241e-02 6.052994056216275400e-07
3.166332665330661378e+00 1.022044863712149448e-01 7.873656290133505249e-07
3.206412825651302256e+00 1.351484818019706990e-01 1.176708438363539558e-06
3.246492985971943579e+00 1.647994778385571957e-01 1.988293291717343731e-06
3.286573146292584902e+00 1.907269680650180987e-01 3.658778576558477852e-06
3.326653306613226224e+00 2.125421460452149580e-01 7.044879862256215706e-06
3.366733466933867547e+00 2.299052412715291704e-01 1.376108577123068985e-05
3.406813627254508869e+00 2.425311363297641964e-01 2.673421118886775658e-05
3.446893787575150192e+00 2.501962142049693472e-01 5.108282198024679703e-05
3.486973947895791515e+00 2.527424570400256254e-01 9.547101654740771206e-05
3.527054108216432837e+00 2.500815699430951056e-01 1.741254690360634241e-04
3.567134268537074160e+00 2.421971044242766657e-01 3.097443514327406365e-04
3.607214428857715482e+00 2.291457633062713162e-01 5.375559807728577839e-04
3.647294589178356361e+00 2.110565782264280654e-01 9.107782221681277532e-04
3.687374749498997684e+00 1.881293782880839316e-01 1.507694948017617711e-03
3.727454909819639006e+00 1.606318048747439331e-01 2.440448020423446364e-03
3.767535070140280329e+00 1.288934659294124208e-01 3.865415352626671002e-03
3.807615230460921651e+00 9.330154453608657805e-02 5.994815365581635837e-03
3.847695390781562974e+00 5.429326660204458754e-02 9.108673506089553368e-03
3.887775551102204297e+00 1.234704024715040441e-02 1.356582778712174704e-02
3.927855711422845619e+00 -3.202402934848304350e-02 1.981216251173038845e-02
3.967935871743486942e+00 -7.828321758854750456e-02 2.838355838453704774e-02
4.008016032064127820e+00 -1.258767912076184381e-01 3.990092603909207308e-02
4.048096192384769587e+00 -1.742451975475524661e-01 5.505413699288447954e-02
4.088176352705410466e+00 -2.228308903166399679e-01 7.457241629072788869e-02
4.128256513026052232e+00 -2.710863949586618249e-01 9.917922878854974755e-02
4.168336673346693111e+00 -3.184821832349476467e-01 1.295310276639294877e-01
4.208416833667334878e+00 -3.645134022980955901e-01 1.661414710318572796e-01
4.248496993987975756e+00 -4.087051932344810123e-01 2.092951347641480719e-01
4.288577154308616635e+00 -4.506177429838649218e-01 2.589572087093267583e-01
4.328657314629258401e+00 -4.898502862483172793e-01 3.146886390932813193e-01
4.368737474949899280e+00 -5.260432628281728196e-01 3.755779318022250957e-01
4.408817635270541047e+00 -5.588802757381049480e-01 4.402018171977796768e-01
4.448897795591181925e+00 -5.880892910215490543e-01 5.066265973436032688e-01
4.488977955911823692e+00 -6.134422778580223001e-01 5.724585508533441836e-01
4.529058116232464570e+00 -6.347546983342916560e-01 6.349484951828368029e-01
4.569138276553106337e+00 -6.518846965708303687e-01 6.911493328372046996e-01
4.609218436873747216e+00 -6.647314028891005977e-01 7.381169517152895709e-01
4.649298597194388982e+00 -6.732331310800609980e-01 7.731393084431524843e-01
4.689378757515029861e+00 -6.773657328850843928e-01 7.939724742536122815e-01
4.729458917835670739e+00 -6.771407230006104561e-01 7.990569562631196776e-01
4.769539078156312506e+00 -6.726033788327305807e-01 7.876879226782501631e-01
4.809619238476953385e+00 -6.638312963699696256e-01 7.601171225059495384e-01
4.849699398797595151e+00 -6.509330082541696649e-01 7.175686471950060152e-01
4.889779559118236030e+00 -6.340467798465945215e-01 6.621622755651775938e-01
4.929859719438877796e+00 -6.133398047895051164e-01 5.967493417083071794e-01
4.969939879759518675e+00 -5.890074511502949584e-01 5.246762832826386003e-01
5.010020040080160442e+00 -5.612727645798800680e-01 4.495034030084752996e-01
5.050100200400801320e+00 -5.303861287756601595e-01 3.747102783589024710e-01
5.090180360721443087e+00 -4.966247318916037767e-01 3.034211583423719882e-01
5.130260521042083965e+00 -4.602920857524616105e-01 2.381827313610425656e-01
5.170340681362724844e+00 -4.217175203283234364e-01 1.808167665403632163e-01
5.210420841683366611e+00 -3.812551008657066864e-01 1.323587276668156953e-01
5.250501002004007489e+00 -3.392821390762903455e-01 9.308332861429766125e-02
5.290581162324649256e+00 -2.961977254408651450e-01 6.260532226099879693e-02
5.330661322645290134e+00 -2.524202519527626865e-01 4.003328828126698213e-02
5.370741482965931901e+00 -2.083846577253762600e-01 2.415100361621368499e-02
5.410821643286572780e+00 -1.645374092023565715e-01 1.360126523184207112e-02
5.450901803607214546e+00 -1.213351671048598923e-01 7.044174370899940370e-03
5.490981963927855425e+00 -7.923615398070266158e-02 3.280046025086954652e-03
5.531062124248497192e+00 -3.869801906911792683e-02 1.323443372498364938e-03
5.571142284569138070e+00 -1.711409472674070564e-04 4.322415778609402346e-04
5.611222444889778949e+00 3.591005418803795007e-02 9.793456527576153037e-05
5.651302605210420715e+00 6.913115409094686137e-02 8.883098882227756667e-06
5.691382765531061594e+00 9.910550568234195723e-02 5.329011271032915114e-07
5.731462925851703361e+00 1.254812709379384550e-01 4.086794947376721266e-06
5.771543086172344239e+00 1.479468406809281711e-01 2.717642249280086989e-06
5.811623246492986006e+00 1.662373490817088129e-01 8.781046313303953641e-08
5.851703406813626884e+00 1.801407643803363545e-01 2.095408337493377154e-06
5.891783567134268651e+00 1.895024077854545741e-01 9.699171424399757120e-06
5.931863727454909530e+00 1.942284186880326446e-01 1.904948091557668270e-05
5.971943887775551296e+00 1.942885996059366960e-01 2.489330253539830088e-05
6.012024048096192175e+00 1.897181354038312007e-01 2.403496976628926183e-05
6.052104208416833053e+00 1.806177083671747785e-01 1.702251566295419143e-05
6.092184368737474820e+00 1.671525159471210775e-01 7.658778671961206713e-06
6.132264529058115698e+00 1.495500805205292605e-01 9.948305222342310361e-07
6.172344689378757465e+00 1.280966612002781280e-01 9.582247246007198928e-07
6.212424849699398344e+00 1.031325497551057457e-01 8.680721771858123200e-06
6.252505010020040110e+00 7.504634567859083671e-02 2.212200147732943766e-05
6.292585170340680989e+00 4.426820524544511359e-02 3.698812630455536191e-05
6.332665330661322756e+00 1.126252660769651304e-02 4.844091352845962187e-05
6.372745490981963634e+00 -2.348001661080615157e-02 5.287598573630965986e-05
6.412825651302604513e+00 -5.945094755209084231e-02 4.910938374851105668e-05
6.452905811623246279e+00 -9.613225411598588788e-02 3.861084290979208616e-05
6.492985971943887158e+00 -1.330047699486427426e-01 2.480614474104177308e-05
6.533066132264528925e+00 -1.695565155546512881e-01 1.178916535862797121e-05
6.573146292585169803e+00 -2.052902478529177455e-01 2.951987219468851982e-06
6.613226452905811570e+00 -2.397304836054318100e-01 2.145528641534515394e-10
6.653306613226452448e+00 -2.724300911873158704e-01 2.632968000276296214e-06
6.693386773547094215e+00 -3.029758852967196492e-01 8.909279057000935259e-06
6.733466933867735094e+00 -3.309931163559087786e-01 1.608677611934369395e-05
6.773547094188376860e+00 -3.561494493490803270e-01 2.159379842082413640e-05
6.813627254509017739e+00 -3.781579774366038427e-01 2.379817082349882786e-05
6.853707414829658617e+00 -3.967789588585129978e-01 2.235239700473583044e-05
6.893787575150300384e+00 -4.118211197624507269e-01 1.806977760036623782e-05
6.933867735470941263e+00 -4.231421934535212759e-01 1.244745183459753624e-05
6.973947895791583029e+00 -4.306484397037647072e-01 7.055958452128937397e-06
7.014028056112223908e+00 -4.342938417137717777e-01 3.021681327958231365e-06
7.054108216432865675e+00 -4.340788429354843769e-01 7.620927544027341510e-07
7.094188376753506553e+00 -4.300484914694920890e-01 2.148135036041597467e-08
7.134268537074148320e+00 -4.222904036520058746e-01 1.402036049430216810e-07
7.174348697394789198e+00 -4.109325436999122227e-01 4.199500282414463122e-07
7.214428857715430965e+00 -3.961407348931160199e-01 4.341728198307219362e-07
7.254509018036071843e+00 -3.781161758179991672e-01 1.747759282238659968e-07
7.294589178356712722e+00 -3.570928959879487441e-01 1.597761426814260522e-09
7.334669338677354489e+00 -3.333350421209733128e-01 4.378704229436032645e-07
7.374749498997995367e+00 -3.071343430025126331e-01 1.906343161746722688e-06
7.414829659318637134e+00 -2.788074613008711400e-01 4.511618180277878070e-06
7.454909819639278012e+00 -2.486931121614839035e-01 7.947414325512848490e-06
7.494989979959919779e+00 -2.171493758751136538e-01 1.155494557501394549e-05
7.535070140280560658e+00 -1.845508259745466673e-01 1.450519224666563797e-05
7.575150300601202424e+00 -1.512852712173690384e-01 1.603965611806340062e-05
7.615230460921843303e+00 -1.177505214878186990e-01 1.569246697482275439e-05
7.655310621242485070e+00 -8.435103477920705140e-02 1.343418120222829513e-05
7.695390781563125948e+00 -5.149402115463135726e-02 9.711332257374473374e-06
7.735470941883766827e+00 -1.958532785830699452e-02 5.394658116824923159e-06
7.775551102204408593e+00 1.097453983103091960e-02 1.680361813256055418e-06
7.815631262525049472e+00 3.979503253806094404e-02 2.284851557016280478e-09
7.855711422845691239e+00 6.650043566670739426e-02 2.013880909923610648e-06
7.895791583166332117e+00 9.073438143093369435e-02 9.687908632335468247e-06
7.935871743486973884e+00 1.121647898901437929e-01 2.556987603189814773e-05
7.975951903807614762e+00 1.304889155791454924e-01 5.321786133586791403e-05
8.016032064128255641e+00 1.454375703642938056e-01 9.786701521723524435e-05
8.056112224448897408e+00 1.567807504845622479e-01 1.673631188364640423e-04
8.096192384769539174e+00 1.643300245363994716e-01 2.734578696838222528e-04
8.136272545090179165e+00 1.679437470889713624e-01 4.335178483322542332e-04
8.176352705410820931e+00 1.675290847574707476e-01 6.727651560111810522e-04
8.216432865731462698e+00 1.630445127315160725e-01 1.027099872129443384e-03
8.256513026052104465e+00 1.545018625068268758e-01 1.546531297270753664e-03
8.296593186372744455e+00 1.419664090916289145e-01 2.299213356372667091e-03
8.336673346693386222e+00 1.255568046045177633e-01 3.375966539498163367e-03
8.376753507014027988e+00 1.054439602942986998e-01 4.895078439376749149e-03
8.416833667334669755e+00 8.184863152876251102e-02 7.007131554392150019e-03
8.456913827655309746e+00 5.503872210875639798e-02 9.899375154395146162e-03
8.496993987975951512e+00 2.532471250900032375e-02 1.379913653727391637e-02
8.537074148296593279e+00 -6.944721889204622314e-03 1.897556161398046906e-02
8.577154308617233269e+00 -4.138809634661975295e-02 2.573886665829137194e-02
8.617234468937875036e+00 -7.759721254306198301e-02 3.443616809408944074e-02
8.657314629258516803e+00 -1.151437697857678050e-01 4.544293836892834143e-02
8.697394789579158569e+00 -1.535858405195076604e-01 5.914919005888908538e-02
8.737474949899798560e+00 -1.924747750671065016e-01 7.593960753737905023e-02
8.777555110220440326e+00 -2.313620552473442393e-01 9.616726068011546835e-02
8.817635270541082093e+00 -2.698055874262189624e-01 1.201212200272804148e-01
8.857715430861723860e+00 -3.073759793789297423e-01 1.479888951836094146e-01
8.897795591182363850e+00 -3.436624212230585673e-01 1.798150046591101003e-01
8.937875751503005617e+00 -3.782775427825667003e-01 2.154601882442807315e-01
8.977955911823647384e+00 -4.108619062696631796e-01 2.545630063061893322e-01
9.018036072144287374e+00 -4.410879232493190027e-01 2.965100166957554961e-01
9.058116232464929141e+00 -4.686626416725615529e-01 3.404189549676348014e-01
9.098196392785570907e+00 -4.933299074737288459e-01 3.851399170805687167e-01
9.138276553106212674e+00 -5.148719902860841025e-01 4.292787482487656625e-01
9.178356713426852664e+00 -5.331103031246410273e-01 4.712450786729587282e-01
9.218436873747494431e+00 -5.479053859874394306e-01 5.093252244549296703e-01
9.258517034068136198e+00 -5.591566077858911576e-01 5.417779468109349406e-01
9.298597194388777964e+00 -5.668012838179821156e-01 5.669474487974479615e-01
9.338677354709417955e+00 -5.708132242588853655e-01 5.833848776915122603e-01
9.378757515030059722e+00 -5.712012603936487132e-01 5.899685355020602984e-01
9.418837675350701488e+00 -5.680075064058599521e-01 5.860103955023281408e-01
9.458917835671341479e+00 -5.613053688931136653e-01 5.713364561842130263e-01
9.498997995991983245e+00 -5.511977005239847571e-01 5.463310861209478286e-01
9.539078156312625012e+00 -5.378149299565905261e-01 5.119372313490924142e-01
9.579158316633266779e+00 -5.213131869743460323e-01 4.696089995674396778e-01
9.619238476953906769e+00 -5.018726507349685617e-01 4.212187528695058303e-01
9.659318637274548536e+00 -4.796959632244618965e-01 3.689252603989864321e-01
9.699398797595190302e+00 -4.550066786560245657e-01 3.150148786788393718e-01
9.739478957915832069e+00 -4.280479638161033829e-01 2.617319657817440692e-01
9.779559118236472059e+00 -3.990812656479237330e-01 2.111149793651939943e-01
9.819639278557113826e+00 -3.683848792149911899e-01 1.648556522538677238e-01
9.859719438877755593e+00 -3.362527160963758588e-01 1.241967001452051605e-01
9.899799599198395583e+00 -3.029928475407610566e-01 8.987678049906761002e-02
9.939879759519037350e+00 -2.689257350611476971e-01 6.212720573606487356e-02
9.979959919839679117e+00 -2.343825135032815699e-01 4.071858485680103501e-02
1.002004008016032088e+01 -1.997029224136293857e-01 2.504795799172379600e-02
1.006012024048096087e+01 -1.652327315850314615e-01 1.425325671543677120e-02
1.010020040080160264e+01 -1.313210221883263085e-01 7.339149221398736690e-03
1.014028056112224441e+01 -9.831718349299414794e-02 3.297453157631077131e-03
1.018036072144288617e+01 -6.656730950101191757e-02 1.207736929902388217e-03
1.022044088176352616e+01 -3.641030975610216186e-02 3.079646313107204238e-04
1.026052104208416793e+01 -8.174022898299694584e-03 3.034283632759640140e-05
1.030060120240480970e+01 1.782923017335512339e-02 3.421645088005694245e-06
1.034068136272544969e+01 4.130728798843930072e-02 2.656373816684064044e-05
1.038076152304609145e+01 6.199247563026168140e-02 2.646960345640301198e-05
1.042084168336673322e+01 7.964618521477212498e-02 6.942378424180397999e-06
1.046092184368737499e+01 9.406339012970087177e-02 2.356718542271740400e-06
1.050100200400801498e+01 1.050765606465928759e-01 4.275911003751704348e-05
1.054108216432865675e+01 1.125593398054983707e-01 1.347228146140017849e-04
1.058116232464929851e+01 1.164298200711548770e-01 2.580238836583374946e-04
1.062124248496994028e+01 1.166530025618561922e-01 3.746569018185918207e-04
1.066132264529058027e+01 1.132425233123955932e-01 4.444444318479750795e-04
1.070140280561122204e+01 1.062617078357394051e-01 4.408997655130486972e-04
1.074148296593186380e+01 9.582365800670297751e-02 3.619533399743528508e-04
1.078156312625250379e+01 8.209035817535004220e-02 2.323851020231974178e-04
1.082164328657314556e+01 6.527097065822118349e-02 9.756392262597578247e-05
1.086172344689378733e+01 4.561913299894436447e-02 1.066468847518509571e-05
1.090180360721442909e+01 2.342938369522507697e-02 1.732410325975437679e-05
1.094188376753506908e+01 -9.671844627140513753e-04 1.421867976723437967e-04
1.098196392785571085e+01 -2.720808946124610161e-02 3.811177896938966361e-04
1.102204408817635262e+01 -5.490515925071147441e-02 7.011107319465596918e-04
1.106212424849699438e+01 -8.365070518847023129e-02 1.047743934680853833e-03
1.110220440881763437e+01 -1.130241625654480747e-01 1.358044514510741395e-03
1.114228456913827614e+01 -1.425988647210415516e-01 1.575220980754106839e-03
1.118236472945891791e+01 -1.719487590991515269e-01 1.661420943753550827e-03
1.122244488977955790e+01 -2.006551998707240825e-01 1.605407984184335259e-03
1.126252505010019966e+01 -2.283134948881216653e-01 1.423488558006176519e-03
1.130260521042084143e+01 -2.545388391312164988e-01 1.153926158131572070e-03
1.134268537074148320e+01 -2.789719875090873602e-01 8.467013094078001045e-04
1.138276553106212319e+01 -3.012843694129833105e-01 5.515300561007236216e-04
1.142284569138276495e+01 -3.211822687516797670e-01 3.073144091243068532e-04
1.146292585170340672e+01 -3.384104712799711479e-01 1.354517988419512214e-04
1.150300601202404849e+01 -3.527552056721487972e-01 3.824932126002612875e-05
1.154308617234468848e+01 -3.640461115680460047e-01 2.227184762812663346e-06
1.158316633266533024e+01 -3.721575368154306784e-01 4.788675940152108442e-06
1.162324649298597201e+01 -3.770091627568685211e-01 2.204554755218605990e-05
1.166332665330661200e+01 -3.785658154152954924e-01 3.553776007750871993e-05
1.170340681362725377e+01 -3.768366530864087904e-01 3.617025086491780213e-05
1.174348697394789554e+01 -3.718738475608631688e-01 2.468907959111522004e-05
1.178356713426853730e+01 -3.637706577928522256e-01 9.084890189169046523e-06
1.182364729458917729e+01 -3.526591205803408235e-01 1.554157808424512033e-07
1.186372745490981906e+01 -3.387074100608468141e-01 6.829459037354424801e-06
1.190380761523046083e+01 -3.221167940982225253e-01 3.273232567920773448e-05
1.194388777555110259e+01 -3.031184793360275354e-01 7.491106511218743966e-05
1.198396793587174258e+01 -2.819702942937843404e-01 1.248695482865494900e-04
1.202404809619238435e+01 -2.589531236937552272e-01 1.713462076443965593e-04
1.206412825651302612e+01 -2.343673826142498862e-01 2.037805061049244120e-04
1.210420841683366611e+01 -2.085295149467496223e-01 2.153246013447626412e-04
1.214428857715430787e+01 -1.817683146776154224e-01 2.045144641214046528e-04
1.218436873747494964e+01 -1.544212717637413468e-01 1.752119273358548207e-04
1.222444889779559141e+01 -1.268311552383599439e-01 1.350110975485430945e-04
1.226452905811623140e+01 -9.934238873942731474e-02 9.274383715220457596e-05
1.230460921843687316e+01 -7.229740221983398107e-02 5.593791508487054603e-05
1.234468937875751493e+01 -4.603333118206179297e-02 2.902211874213864060e-05
1.238476953907815670e+01 -2.087851888669401204e-02 1.275683564501987733e-05
1.242484969939879669e+01 2.851035737099571945e-03 4.978548985545020795e-06
1.246492985971943845e+01 2.485487875952787154e-02 2.357348721915800470e-06
1.250501002004008022e+01 4.485137117690315284e-02 2.613414430723632823e-06
1.254509018036072021e+01 6.258099354891646926e-02 6.593167300360325489e-06
1.258517034068136198e+01 7.780933323836235205e-02 1.973691134870399021e-05
1.262525050100200374e+01 9.032990197030443813e-02 5.272659772872226791e-05
1.266533066132264551e+01 9.996690686284406824e-02 1.213926759161650852e-04
1.270541082164328550e+01 1.065776933564734075e-01 2.461954470449612673e-04
1.274549098196392727e+01 1.100547503136513061e-01 4.517146094667239746e-04
1.278557114228456904e+01 1.103275376812321573e-01 7.665901404811269930e-04
1.282565130260520903e+01 1.073638697597508046e-01 1.224253451529477453e-03
1.286573146292585079e+01 1.011707095397642447e-01 1.864615436969000502e-03
1.290581162324649256e+01 9.179458620815553194e-02 2.736737082927174179e-03
1.294589178356713433e+01 7.932145064069565099e-02 3.902338394364307256e-03
1.298597194388777432e+01 6.387589951589274506e-02 5.439884992940108473e-03
1.302605210420841608e+01 4.561987690997495321e-02 7.448901378614400208e-03
1.306613226452905785e+01 2.475076839210842844e-02 1.005401693679053299e-02
1.310621242484969962e+01 1.498912299323027116e-03 1.340816222759886288e-02
1.314629258517033961e+01 -2.387538550489103420e-02 1.769421895724217556e-02
1.318637274549098137e+01 -5.108537952046087599e-02 2.312425760642057571e-02
1.322645290581162314e+01 -7.982186945997475636e-02 2.993554374812678817e-02
1.326653306613226313e+01 -1.097574413397878063e-01 3.838267118522531440e-02
1.330661322645290490e+01 -1.405510910040043138e-01 4.872524987966341675e-02
1.334669338677354666e+01 -1.718530824738065121e-01 6.121114364810643221e-02
1.338677354709418843e+01 -2.033097225530141050e-01 7.605583076237065754e-02
1.342685370741482842e+01 -2.345682560804044636e-01 9.341885103562963533e-02
1.346693386773547019e+01 -2.652817295035176381e-01 1.133789848308271730e-01
1.350701402805611195e+01 -2.951134661632560663e-01 1.359101775804667789e-01
1.354709418837675372e+01 -3.237413414654395361e-01 1.608604093555890402e-01
1.358717434869739371e+01 -3.508618004325997353e-01 1.879357508061325066e-01
1.362725450901803548e+01 -3.761933158097870433e-01 2.166915301080855338e-01
1.366733466933867724e+01 -3.994793478080386762e-01 2.465321855057581169e-01
1.370741482965931723e+01 -4.204909484785613327e-01 2.767209165571535845e-01
1.374749498997995900e+01 -4.390287634311177967e-01 3.063994717214032493e-01
1.378757515030060077e+01 -4.549243951235704686e-01 3.346178312450309722e-01
1.382765531062124253e+01 -4.680414313489732470e-01 3.603731431969780519e-01
1.386773547094188253e+01 -4.782759322966931848e-01 3.826563741830327214e-01
1.390781563126252429e+01 -4.855563499525446525e-01 4.005045913184570039e-01
1.394789579158316606e+01 -4.898431944840264118e-01 4.130564999777553981e-01
1.398797595190380783e+01 -4.911283129797618385e-01 4.196079917322678154e-01
1.402805611222444782e+01 -4.894337835730382946e-01 4.196639416263737710e-01
1.406813627254508958e+01 -4.848106840298678777e-01 4.129824420085875247e-01
1.410821643286573135e+01 -4.773376534179112896e-01 3.996072556695232092e-01
1.414829659318637134e+01 -4.671192420348258545e-01 3.798843998462679838e-01
1.418837675350701311e+01 -4.542842877228859266e-01 3.544597189278808069e-01
1.422845691382765487e+01 -4.389842134788639605e-01 3.242552863655788209e-01
1.426853707414829664e+01 -4.213912063485458215e-01 2.904239895241237379e-01
1.430861723446893663e+01 -4.016965432717621853e-01 2.542841867539500367e-01
1.434869739478957840e+01 -3.801088795901587658e-01 2.172382045678766527e-01
1.438877755511022016e+01 -3.568524295214124953e-01 1.806806370868514200e-01
1.442885771543086193e+01 -3.321653078740638421e-01 1.459048529674091821e-01
1.446893787575150192e+01 -3.062978321251709213e-01 1.140163497639107293e-01
1.450901803607214369e+01 -2.795106574603303251e-01 8.586179338216094747e-02
1.454909819639278545e+01 -2.520729713055177568e-01 6.198196219858613520e-02
1.458917835671342544e+01 -2.242606586214618281e-01 4.259372311747913059e-02
1.462925851703406721e+01 -1.963542090172900878e-01 2.760289699544108202e-02
1.466933867735470898e+01 -1.686365166344420408e-01 1.664657031128295023e-02
1.470941883767535074e+01 -1.413907191655739692e-01 9.159289682698381480e-03
1.474949899799599073e+01 -1.148976860162282537e-01 4.454148196703617592e-03
1.478957915831663250e+01 -8.943331125503121981e-02 1.808384904552789128e-03
1.482965931863727427e+01 -6.526589989859886420e-02 5.424307851235911360e-04
1.486973947895791603e+01 -4.265323558354888744e-02 8.252691290500853449e-05
1.490981963927855602e+01 -2.183947112055580758e-02 4.985450686985090322e-08
1.494989979959919779e+01 -3.052167346123905306e-03 2.440036944286869591e-05
1.498997995991983956e+01 1.350080030635453579e-02 3.061731817914498653e-05
1.503006012024047955e+01 2.763439187559067756e-02 6.829319684941158454e-06
1.507014028056112132e+01 3.918931823731663933e-02 9.599525568898439114e-06
1.511022044088176308e+01 4.803479574361448068e-02 1.166331571468719647e-04
1.515030060120240485e+01 5.407116810149254632e-02 3.859801610596946754e-04
1.519038076152304484e+01 5.723215587437394114e-02 8.289043359322530342e-04
1.523046092184368661e+01 5.748665232143702203e-02 1.400308894830970237e-03
1.527054108216432837e+01 5.484017873098939039e-02 2.006860290836310831e-03
1.531062124248497014e+01 4.933578473292243860e-02 2.529275811588144011e-03
1.535070140280561013e+01 4.105433346309454029e-02 2.852379323720456630e-03
1.539078156312625190e+01 3.011425024286656926e-02 2.895323327693036762e-03
1.543086172344689366e+01 1.667059557232795919e-02 2.634545926100518611e-03
1.547094188376753365e+01 9.134954316260511520e-04 2.113877662580759473e-03
1.551102204408817542e+01 -1.693403590824264088e-02 1.439281135823828684e-03
1.555110220440881719e+01 -3.661894568148885837e-02 7.591025245080013735e-04
1.559118236472945895e+01 -5.786155093375973391e-02 2.340128372656049324e-04
1.563126252505009894e+01 -8.035941700346647953e-02 3.107624207908600746e-06
1.567134268537074071e+01 -1.037917728791837996e-01 1.534836643444454707e-04
1.571142284569138248e+01 -1.278243088375065339e-01 6.999782175031745140e-04
1.575150300601202424e+01 -1.521141128109932683e-01 1.579522188735202467e-03
1.579158316633266423e+01 -1.763149139867910553e-01 2.661478022907094731e-03
1.583166332665330600e+01 -2.000824344418432599e-01 3.771954882168672852e-03
1.587174348697394777e+01 -2.230795124950780972e-01 4.726979431258985197e-03
1.591182364729458776e+01 -2.449812168271540969e-01 5.367713095240764579e-03
1.595190380761522952e+01 -2.654797760609332036e-01 5.590413421325685951e-03
1.599198396793587129e+01 -2.842889973095730771e-01 5.364978924869131215e-03
1.603206412825651128e+01 -3.011483445228456124e-01 4.738538899532163638e-03
1.607214428857715305e+01 -3.158266072811965475e-01 3.823665750828019079e-03
1.611222444889779482e+01 -3.281249181848187590e-01 2.774095689023738532e-03
1.615230460921843658e+01 -3.378791836755319355e-01 1.753452197534292271e-03
1.619238476953907835e+01 -3.449620116129638592e-01 9.036732058144295379e-04
1.623246492985972012e+01 -3.492839551828081923e-01 3.197684130535201038e-04
1.627254509018035833e+01 -3.507941204509622546e-01 3.589295020865340702e-05
1.631262525050100010e+01 -3.494802789714874236e-01 2.492903990633269867e-05
1.635270541082164186e+01 -3.453683509539476337e-01 2.108632265761534457e-04
1.639278557114228363e+01 -3.385213821325444572e-01 4.903908672258031586e-04
1.643286573146292540e+01 -3.290381049199949115e-01 7.583571542770520474e-04
1.647294589178356716e+01 -3.170509929035791319e-01 9.311611516749058277e-04
1.651302605210420893e+01 -3.027239874571918121e-01 9.630529721293360629e-04
1.655310621242485070e+01 -2.862499685374003677e-01 8.522677508153016180e-04
1.659318637274548891e+01 -2.678478569058789782e-01 6.364659583139487160e-04
1.663326653306613068e+01 -2.477595007691026363e-01 3.794726455782042318e-04
1.667334669338677244e+01 -2.262465475480914534e-01 1.531983681901447471e-04
1.671342685370741421e+01 -2.035870308548402285e-01 1.938574262846991334e-05
1.675350701402805598e+01 -1.800718018941332710e-01 1.551985284367868895e-05
1.679358717434869774e+01 -1.560011598888591533e-01 1.478392889034644707e-04
1.683366733466933951e+01 -1.316812633553810785e-01 3.923810846985675187e-04
1.687374749498997772e+01 -1.074204280255704885e-01 7.030123088574124482e-04
1.691382765531061949e+01 -8.352571997349368671e-02 1.023752090564835964e-03
1.695390781563126126e+01 -6.029945262551534430e-02 1.301971001269870134e-03
1.699398797595190302e+01 -3.803560448998487276e-02 1.499209817785890700e-03
1.703406813627254479e+01 -1.701652470628300592e-02 1.597329660649963101e-03
1.707414829659318656e+01 2.490258115132953486e-03 1.599210366205574326e-03
1.711422845691382832e+01 2.023526044740300497e-02 1.524690151645032238e-03
1.715430861723446654e+01 3.599002529093917740e-02 1.403619048199249326e-03
1.719438877755510831e+01 4.954975428137824850e-02 1.268453414135463668e-03
1.723446893787575007e+01 6.073591820279693188e-02 1.148554262772826700e-03
1.727454909819639184e+01 6.939858067076580539e-02 1.067654743642767285e-03
1.731462925851703361e+01 7.541822532394390488e-02 1.044893513356780776e-03
1.735470941883767537e+01 7.870741587316361365e-02 1.098657732242267751e-03
1.739478957915831714e+01 7.921208223034353901e-02 1.251820037904043462e-03
1.743486973947895891e+01 7.691225663163307746e-02 1.536688185009108974e-03
1.747494989979959712e+01 7.182246540706266336e-02 1.998200148417502136e-03
1.751503006012023889e+01 6.399167134717134720e-02 2.694586131060781702e-03
1.755511022044088065e+01 5.350267295984245663e-02 3.695506826762474332e-03
1.759519038076152242e+01 4.047105787282403305e-02 5.078390260596705140e-03
1.763527054108216419e+01 2.504368884709580467e-02 6.924182329761770054e-03
1.767535070140280595e+01 7.396770801457499753e-03 9.313770825021100777e-03
1.771543086172344772e+01 -1.226679288009635029e-02 1.232613068205259260e-02
1.775551102204408593e+01 -3.371984202250798146e-02 1.603848651686790375e-02
1.779559118236472770e+01 -5.671460080952882288e-02 2.052883589533946798e-02
1.783567134268536947e+01 -8.098575867182392085e-02 2.587946111036938321e-02
1.787575150300601123e+01 -1.062540370977449883e-01 3.218113483579329581e-02
1.791583166332665300e+01 -1.322306311189758166e-01 3.953599865416018710e-02
1.795591182364729477e+01 -1.586205734419946500e-01 4.805842217306179054e-02
1.799599198396793653e+01 -1.851265326081438511e-01 5.787236308725527550e-02
1.803607214428857475e+01 -2.114535311825014863e-01 6.910405851115730691e-02
1.807615230460921651e+01 -2.373117867131034342e-01 8.187039784600257109e-02
1.811623246492985828e+01 -2.624203916555079008e-01 9.626179147969257666e-02
1.815631262525050005e+01 -2.865114722762727162e-01 1.123211795453901707e-01
1.819639278557114181e+01 -3.093320745802696226e-01 1.300197590821640381e-01
1.823647294589178358e+01 -3.306473003226249041e-01 1.492319407956882171e-01
1.827655310621242535e+01 -3.502435903852386678e-01 1.697137754247461661e-01
1.831663326653306711e+01 -3.679287427821701928e-01 1.910846465122897908e-01
1.835671342685370533e+01 -3.835351602763035772e-01 2.128216480783320097e-01
1.839679358717434710e+01 -3.969205155053594503e-01 2.342652118002961914e-01
1.843687374749498886e+01 -4.079687576664274284e-01 2.546406582007181840e-01
1.847695390781563063e+01 -4.165905713481162231e-01 2.730953227065412992e-01
1.851703406813627240e+01 -4.227236408508378562e-01 2.887500425816474925e-01
1.855711422845691416e+01 -4.263326021669964772e-01 3.007614083799859950e-01
1.859719438877755593e+01 -4.274086462831011013e-01 3.083888022478041280e-01
1.863727454909819414e+01 -4.259689610104621105e-01 3.110594331588455441e-01
1.867735470941883591e+01 -4.220559588992460198e-01 3.084244086250437777e-01
1.871743486973947768e+01 -4.157362262541017817e-01 3.003988071179548025e-01
1.875751503006011944e+01 -4.070994192925573851e-01 2.871807943371595950e-01
1.879759519038076121e+01 -3.962570057150459624e-01 2.692472217342651297e-01
1.883767535070140298e+01 -3.833407760444823564e-01 2.473252397010397008e-01
1.887775551102204474e+01 -3.685013902220605764e-01 2.223428556009910406e-01
1.891783567134268296e+01 -3.519068250220305227e-01 1.953631155852329770e-01
1.895791583166332472e+01 -3.337406157356857528e-01 1.675081653899231915e-01
1.899799599198396649e+01 -3.142001455358812145e-01 1.398808739765322606e-01
1.903807615230460826e+01 -2.934949236853987009e-01 1.134910052873172731e-01
1.907815631262525002e+01 -2.718446611892142428e-01 8.919212729196779321e-02
1.911823647294589179e+01 -2.494773167376314882e-01 6.763455893207818981e-02
1.915831663326653356e+01 -2.266272718082441573e-01 4.923761846466654518e-02
1.919839679358717532e+01 -2.035332651455896424e-01 3.418215754030169695e-02
1.923847695390781354e+01 -1.804362255257196956e-01 2.242308846070283426e-02
1.927855711422845530e+01 -1.575773201607890972e-01 1.371974661822378955e-02
1.931863727454909707e+01 -1.351957622329158226e-01 7.680150102287275175e-03
1.935871743486973884e+01 -1.135264841852288986e-01 3.814573157163310500e-03
1.939879759519038060e+01 -9.279801623587438653e-02 1.593036299256179664e-03
1.943887775551102237e+01 -7.323021335246837626e-02 5.009047360597109443e-04
1.947895791583166414e+01 -5.503185146136049116e-02 8.717217743140151932e-05
1.951903807615230235e+01 -3.839837310239533480e-02 6.722696025061096598e-07
1.955911823647294412e+01 -2.350964217931478251e-02 1.065703425724014470e-05
1.959919839679358589e+01 -1.052761776747815868e-02 9.915182738829172638e-06
1.963927855711422765e+01 4.058478622464938013e-04 6.412606553164594565e-07
1.967935871743486942e+01 9.171016617631193302e-03 6.547318474851039616e-05
1.971943887775551119e+01 1.567225574499286900e-02 3.282007728930319188e-04
1.975951903807615295e+01 1.983981554684297391e-02 9.103015279907220774e-04
1.979959919839679117e+01 2.163129603613035690e-02 1.890320162821508684e-03
1.983967935871743293e+01 2.103291346082075686e-02 3.272986197746006500e-03
1.987975951903807470e+01 1.806040906553046249e-02 4.973740629511155809e-03
1.991983967935871647e+01 1.275956948101626340e-02 6.821907357685656585e-03
1.995991983967935823e+01 5.206364095056764327e-03 8.582768857401158052e-03
2.000000000000000000e+01 -4.493410313543652612e-03 9.995434022202069266e-03
