# time correlation overlap_with_initial
0.000000000000000000e+00 -1.000000000000000000e+00 1.000000000000000000e+00
4.008016032064128098e-02 -9.967931161064433887e-01 9.856613420177574580e-01
8.016032064128256196e-02 -9.871930443967595892e-01 9.438230278967668641e-01
1.202404809619238429e-01 -9.712618788321558672e-01 8.778642278886742423e-01
1.603206412825651239e-01 -9.491045482649226317e-01 7.929316685172363988e-01
2.004008016032063910e-01 -9.208698867214055728e-01 6.952961150122616285e-01
2.404809619238476859e-01 -8.867530166508459377e-01 5.916136215083919181e-01
2.805611222444889807e-01 -8.469971102522467765e-01 4.882023943184010673e-01
3.206412825651302478e-01 -8.018963219651378260e-01 3.904462057183208379e-01
3.607214428857715149e-01 -7.517975625196706702e-01 3.023909851894144296e-01
4.008016032064127820e-01 -6.971029430297064344e-01 2.265709111476466864e-01
4.408817635270541047e-01 -6.382708184844774202e-01 1.640489962895574916e-01
4.809619238476953718e-01 -5.758166387684771070e-01 1.146300038590493259e-01
5.210420841683366389e-01 -5.103124231858308102e-01 7.717915701268773798e-02
5.611222444889779615e-01 -4.423849920726918850e-01 4.997857236155954508e-02
6.012024048096191731e-01 -3.727131056400107001e-01 3.106100271511354899e-02
6.412825651302604957e-01 -3.020223055468416740e-01 1.847961829830922775e-02
6.813627254509018183e-01 -2.310792033832450021e-01 1.049319941911800412e-02
7.214428857715430299e-01 -1.606825950707905237e-01 5.666262761423299446e-03
7.615230460921843525e-01 -9.165478993490373816e-02 2.897140659217761413e-03
8.016032064128255641e-01 -2.482923125271572357e-02 1.395149498243272420e-03
8.416833667334668867e-01 3.896073586641012054e-02 6.286200238082023531e-04
8.817635270541082093e-01 9.889687768372784626e-02 2.628252088745445104e-04
9.218436873747494209e-01 1.541889417761249936e-01 1.008793953395455183e-04
9.619238476953907435e-01 2.040908707692014323e-01 3.504572723054568789e-05
1.002004008016031955e+00 2.479139470812447565e-01 1.080704163975877465e-05
1.042084168336673278e+00 2.850423744139764515e-01 2.876529611992910929e-06
1.082164328657314600e+00 3.149450816847853551e-01 6.331875405608364400e-07
1.122244488977955923e+00 3.371887159592331096e-01 1.072471287286203702e-07
1.162324649298597246e+00 3.514464984872717190e-01 1.213884237221792294e-08
1.202404809619238346e+00 3.575068817938506505e-01 6.292597675290130547e-10
1.242484969939879669e+00 3.552781440756563325e-01 4.537432643211701003e-13
1.282565130260520991e+00 3.447914948284491188e-01 3.994311214754024421e-12
1.322645290581162314e+00 3.262006334652668982e-01 9.067063157148953822e-14
1.362725450901803637e+00 2.997788605889497027e-01 2.179645337490396288e-15
1.402805611222444737e+00 2.659135160162033884e-01 1.053633016870542807e-12
1.442885771543086060e+00 2.250975274227974277e-01 3.654512863692783520e-12
1.482965931863727382e+00 1.779193483085340366e-01 2.084653729083544042e-12
1.523046092184368705e+00 1.250501858109480668e-01 2.703798209953100825e-13
1.563126252505010028e+00 6.723064325743545455e-02 9.879394478737563224e-12
1.603206412825651128e+00 5.255453345433968963e-03 2.820597891324702681e-11
1.643286573146292451e+00 -6.004159243474169183e-02 3.607587849067894950e-11
1.683366733466933773e+00 -1.278033647875675416e-01 2.253938407533855392e-11
1.723446893787575096e+00 -1.971644656053943290e-01 2.925554541274106848e-12
1.763527054108216419e+00 -2.672655173303433163e-01 6.206722320182743421e-12
1.803607214428857741e+00 -3.372666778623711892e-01 4.522117767598063115e-11
1.843687374749498842e+00 -4.063590495037833206e-01 1.015102373796864167e-10
1.883767535070140164e+00 -4.737754968259338395e-01 1.394068281525687764e-10
1.923847695390781487e+00 -5.387983427010434312e-01 1.348570001898744631e-10
1.963927855711422810e+00 -6.007668925564321194e-01 9.292567750670950599e-11
2.004008016032063910e+00 -6.590812549951272636e-01 4.108860698518577122e-11
2.044088176352705233e+00 -7.132065406978868038e-01 7.127752806003547434e-12
2.084168336673346555e+00 -7.626732449436887107e-01 1.016916454589709617e-12
2.124248496993987878e+00 -8.070785684800676485e-01 1.312200515540029202e-11
2.164328657314629201e+00 -8.460842354943812760e-01 2.618273523320748479e-11
2.204408817635270523e+00 -8.794157056049974885e-01 2.897164879145650034e-11
2.244488977955911846e+00 -9.068585237673041366e-01 2.152340887865159328e-11
2.284569138276553169e+00 -9.282563265357611781e-01 1.082423690130242754e-11
2.324649298597194491e+00 -9.435068247605840064e-01 3.232611780271477156e-12
2.364729458917835370e+00 -9.525594611077087270e-01 3.226024369102210332e-13
2.404809619238476692e+00 -9.554119428489732391e-01 4.106920153804131889e-14
2.444889779559118015e+00 -9.521082175648295509e-01 1.423074078252289026e-13
2.484969939879759337e+00 -9.427361551615092150e-01 3.458519027444727334e-14
2.525050100200400660e+00 -9.274262272357636228e-01 7.337472154273432381e-15
2.565130260521041983e+00 -9.063505474949580254e-01 2.837973588205500780e-15
2.605210420841683305e+00 -8.797223249764043462e-01 5.399154830365108023e-13
2.645290581162324628e+00 -8.477960726424863536e-01 5.905659605864367101e-12
2.685370741482965951e+00 -8.108676099525469194e-01 2.676437969261489729e-11
2.725450901803607273e+00 -7.692748964838782566e-01 7.868469869025355844e-11
2.765531062124248596e+00 -7.233981307704077102e-01 1.755111760390924817e-10
2.805611222444889474e+00 -6.736604104098606882e-01 3.202570303384601204e-10
2.845691382765530797e+00 -6.205273357879373952e-01 4.984514881675573249e-10
2.885771543086172120e+00 -5.645065983979218327e-01 6.779175720803505580e-10
2.925851703406813442e+00 -5.061464461675619919e-01 8.154786610745386219e-10
2.965931863727454765e+00 -4.460333837162461235e-01 8.674604687375624765e-10
3.006012024048096087e+00 -3.847892766306402201e-01 8.001708161599110670e-10
3.046092184368737410e+00 -3.230657154178814272e-01 6.000831876530620616e-10
3.086172344689378733e+00 -2.615396770646424840e-01 2.954871031925006646e-10
3.126252505010020055e+00 -2.009044293732028252e-01 2.407480312920130218e-11
3.166332665330661378e+00 -1.418644240811646473e-01 2.375105954690583014e-10
3.206412825651302256e+00 -8.512428653851202009e-02 2.263963109712694226e-09
3.246492985971943579e+00 -3.137949453274563316e-02 9.751219042878031450e-09
3.286573146292584902e+00 1.869601147153701626e-02 3.217292144072658593e-08
3.326653306613226224e+00 6.445888259707205359e-02 9.292204089695908355e-08
3.366733466933867547e+00 1.053087972043741521e-01 2.471397915884219409e-07
3.406813627254508869e+00 1.406991840676041772e-01 6.192166924015729466e-07
3.446893787575150192e+00 1.701498636917151142e-01 1.478451292297227285e-06
3.486973947895791515e+00 1.932535385844861564e-01 3.385078207303352815e-06
3.527054108216432837e+00 2.096877409046629115e-01 7.461862105664124383e-06
3.567134268537074160e+00 2.192204642731310216e-01 1.587919229893563699e-05
3.607214428857715482e+00 2.217166409095611412e-01 3.269064058996069524e-05
3.647294589178356361e+00 2.171411340290735070e-01 6.521853834112697785e-05
3.687374749498997684e+00 2.055608971410033126e-01 1.262700035980804608e-04
3.727454909819639006e+00 1.871440066205190544e-01 2.375490292758096803e-04
3.767535070140280329e+00 1.621571642410417624e-01 4.347149344038229784e-04
3.807615230460921651e+00 1.309607399806403116e-01 7.745854031190156511e-04
3.847695390781562974e+00 9.400190236329689086e-02 1.344964491342326776e-03
3.887775551102204297e+00 5.180614408810359922e-02 2.277440141785301748e-03
3.927855711422845619e+00 4.966935422941503447e-03 3.763170567442754820e-03
3.967935871743486942e+00 -4.586535023258458271e-02 6.071154229384540489e-03
4.008016032064127820e+00 -9.999590213678120898e-02 9.567634337417868159e-03
4.048096192384769587e+00 -1.566979367168771509e-01 1.473428610137898602e-02
4.088176352705410466e+00 -2.152257090820435814e-01 2.218154043905098960e-02
4.128256513026052232e+00 -2.748270448082674178e-01 3.265226975882810911e-02
4.168336673346693111e+00 -3.347553956605500702e-01 4.701005111343059539e-02
4.208416833667334878e+00 -3.942812051386941352e-01 6.620601718997252971e-02
4.248496993987975756e+00 -4.527018088436624565e-01 9.121905245891735736e-02
4.288577154308616635e+00 -5.093506885761941438e-01 1.229662506464596350e-01
4.328657314629258401e+00 -5.636044732579961192e-01 1.621844284422324645e-01
4.368737474949899280e+00 -6.148895478461335884e-01 2.092886294594731300e-01
4.408817635270541047e+00 -6.626859310052478635e-01 2.642199975685146085e-01
4.448897795591181925e+00 -7.065311514682243166e-01 3.263017186439867712e-01
4.488977955911823692e+00 -7.460212664141763206e-01 3.941266239024191487e-01
4.529058116232464570e+00 -7.808123144308025676e-01 4.655030934429592593e-01
4.569138276553106337e+00 -8.106191128640727328e-01 5.374825633447517514e-01
4.609218436873747216e+00 -8.352148780407612216e-01 6.064874284742697297e-01
4.649298597194388982e+00 -8.544286499181220629e-01 6.685422395915032734e-01
4.689378757515029861e+00 -8.681438012840348994e-01 7.195999792583943622e-01
4.729458917835670739e+00 -8.762949683157044145e-01 7.559309634962532165e-01
4.769539078156312506e+00 -8.788661476813639517e-01 7.745330801136255383e-01
4.809619238476953385e+00 -8.758878789995060421e-01 7.735033060216158773e-01
4.849699398797595151e+00 -8.674354762899117999e-01 7.523159063916963207e-01
4.889779559118236030e+00 -8.536269538043208538e-01 7.119542428382682475e-01
4.929859719438877796e+00 -8.346216993455382038e-01 6.548667576253864864e-01
4.969939879759518675e+00 -8.106193131032742860e-01 5.847416992659589807e-01
5.010020040080160442e+00 -7.818587575132420753e-01 5.061247366570977846e-01
5.050100200400801320e+00 -7.486179478021133260e-01 4.239338775914009427e-01
5.090180360721443087e+00 -7.112131592262374014e-01 3.429393540423189557e-01
5.130260521042083965e+00 -6.699989220372841725e-01 2.672893913168865043e-01
5.170340681362724844e+00 -6.253672782640395944e-01 2.001460528789834048e-01
5.210420841683366611e+00 -5.777473376932699134e-01 1.434820548706050025e-01
5.250501002004007489e+00 -5.276038838978959200e-01 9.805226464908745054e-02
5.290581162324649256e+00 -4.754358848443099306e-01 6.352789311280293560e-02
5.330661322645290134e+00 -4.217739499288172267e-01 3.875022350044493580e-02
5.370741482965931901e+00 -3.671771848212049272e-01 2.204741797019440716e-02
5.410821643286572780e+00 -3.122291113371055693e-01 1.155296483098878710e-02
5.450901803607214546e+00 -2.575324820527286063e-01 5.474818443579608160e-03
5.490981963927855425e+00 -2.037034956522068008e-01 2.282158977823322155e-03
5.531062124248497192e+00 -1.513645086945070162e-01 7.992278719492636706e-04
5.571142284569138070e+00 -1.011366763647321282e-01 2.155973848612841883e-04
5.611222444889778949e+00 -5.363087530356964311e-02 3.643418223920070331e-05
5.651302605210420715e+00 -9.439222459663476270e-03 1.627294018456441040e-06
5.691382765531061594e+00 3.087510513118048305e-02 4.779456577855624265e-07
5.731462925851703361e+00 6.678673007872672207e-02 6.313958033827930599e-07
5.771543086172344239e+00 9.781837061461018390e-02 1.645327098927172440e-08
5.811623246492986006e+00 1.235491346229786874e-01 1.607233973159064038e-06
5.851703406813626884e+00 1.436237742324993905e-01 5.102780856145824866e-06
5.891783567134268651e+00 1.577594048952812300e-01 7.695417807723063696e-06
5.931863727454909530e+00 1.657525665149980620e-01 7.277086918817391393e-06
5.971943887775551296e+00 1.674834540384161630e-01 4.252418930766305619e-06
6.012024048096192175e+00 1.629198276620351105e-01 1.019312149413162608e-06
6.052104208416833053e+00 1.521180933356294507e-01 9.670772050471850296e-08
6.092184368737474820e+00 1.352234684599389059e-01 2.424600061146104450e-06
6.132264529058115698e+00 1.124676235059890866e-01 6.871177902457845927e-06
6.172344689378757465e+00 8.416498834853027022e-02 1.104098179478478329e-05
6.212424849699398344e+00 5.070709880186607260e-02 1.272458520798635411e-05
6.252505010020040110e+00 1.255544270996575285e-02 1.110121617698534234e-05
6.292585170340680989e+00 -2.976692760110969879e-02 7.083802556213553316e-06
6.332665330661322756e+00 -7.568515061991505644e-02 2.741721564643937553e-06
6.372745490981963634e+00 -1.245827881583452118e-01 2.123981045895328672e-07
6.412825651302604513e+00 -1.758129990159507661e-01 6.990754105875815242e-07
6.452905811623246279e+00 -2.287095423067528610e-01 4.018453777710679361e-06
6.492985971943887158e+00 -2.825980592331479579e-01 8.825355176272213790e-06
6.533066132264528925e+00 -3.368067456880773358e-01 1.330809338762456011e-05
6.573146292585169803e+00 -3.906765341574320871e-01 1.597106313949078410e-05
6.613226452905811570e+00 -4.435704583688854230e-01 1.615237335199908058e-05
6.653306613226452448e+00 -4.948818100305525380e-01 1.411094367047888880e-05
6.693386773547094215e+00 -5.440414881931444624e-01 1.073739116194378054e-05
6.733466933867735094e+00 -5.905235978386649265e-01 7.093633725041413544e-06
6.773547094188376860e+00 -6.338504319540299026e-01 4.008544405451519242e-06
6.813627254509017739e+00 -6.735954084351533089e-01 1.877273039899034775e-06
6.853707414829658617e+00 -7.093857018709803786e-01 6.838447121331032942e-07
6.893787575150300384e+00 -7.409028060097525570e-01 1.677837611409788886e-07
6.933867735470941263e+00 -7.678831486283816954e-01 1.754724921415959328e-08
6.973947895791583029e+00 -7.901168564404124073e-01 1.394073898622081220e-09
7.014028056112223908e+00 -8.074469001711171989e-01 5.458946837751731407e-09
7.054108216432865675e+00 -8.197667889770150484e-01 2.702248565371138950e-09
7.094188376753506553e+00 -8.270188776695198696e-01 1.913638937206638644e-11
7.134268537074148320e+00 -8.291917182942014630e-01 1.967507034267471688e-09
7.174348697394789198e+00 -8.263181166985640314e-01 3.525851146728848232e-09
7.214428857715430965e+00 -8.184727359389607493e-01 9.778205664266398237e-10
7.254509018036071843e+00 -8.057703370800122222e-01 1.862892375189917254e-09
7.294589178356712722e+00 -7.883639987121858761e-01 2.221769798544781235e-08
7.334669338677354489e+00 -7.664437553518373969e-01 7.304120535375235313e-08
7.374749498997995367e+00 -7.402355176083253996e-01 1.473211251958989772e-07
7.414829659318637134e+00 -7.100000777501471738e-01 2.186070291053155960e-07
7.454909819639278012e+00 -6.760325375304523376e-01 2.535757607431225947e-07
7.494989979959919779e+00 -6.386614321216403933e-01 2.314314878696839807e-07
7.535070140280560658e+00 -5.982482451131795331e-01 1.582371945179372000e-07
7.575150300601202424e+00 -5.551862507446780892e-01 6.755329343819195494e-08
7.615230460921843303e+00 -5.098995564776126477e-01 6.845646323404510769e-09
7.655310621242485070e+00 -4.628412082400149563e-01 1.718415594015480318e-08
7.695390781563125948e+00 -4.144911797546840249e-01 1.169516924175271649e-07
7.735470941883766827e+00 -3.653533305561083577e-01 2.974073363031758414e-07
7.775551102204408593e+00 -3.159518761061299585e-01 5.313303504186803187e-07
7.815631262525049472e+00 -2.668269256411316959e-01 7.897371986912013080e-07
7.855711422845691239e+00 -2.185291986603623560e-01 1.059237895212157283e-06
7.895791583166332117e+00 -1.716140967198637457e-01 1.355115769039200134e-06
7.935871743486973884e+00 -1.266347329809555389e-01 1.731078382894787785e-06
7.975951903807614762e+00 -8.413477369279367957e-02 2.293243527007637639e-06
8.016032064128255641e+00 -4.464017745242337271e-02 3.230905131692824178e-06
8.056112224448897408e+00 -8.651325049312375004e-03 4.879710253901868037e-06
8.096192384769539174e+00 2.336583146672188346e-02 7.835276727273886554e-06
8.136272545090179165e+00 5.098760117177017492e-02 1.313982763425176703e-05
8.176352705410820931e+00 7.384107546333129601e-02 2.257381017518055009e-05
8.216432865731462698e+00 9.161104296317558460e-02 3.910008442488635441e-05
8.256513026052104465e+00 1.040471722076565381e-01 6.753220047649307559e-05
8.296593186372744455e+00 1.109691327005819794e-01 1.155269236765432971e-04
8.336673346693386222e+00 1.122714998524869112e-01 1.950376528614197204e-04
8.376753507014027988e+00 1.079263531169538937e-01 3.243981359088586505e-04
8.416833667334669755e+00 9.798519169975072884e-02 5.312393629944599845e-04
8.456913827655309746e+00 8.257855540107629511e-02 8.564549728119475163e-04
8.496993987975951512e+00 6.191459561923809418e-02 1.359420621934968876e-03
8.537074148296593279e+00 3.627562473490671124e-02 2.124618626809206528e-03
8.577154308617233269e+00 6.013415219501419030e-03 3.269694105562907880e-03
8.617234468937875036e+00 -2.845703074521806902e-02 4.954790867898877481e-03
8.657314629258516803e+00 -6.666495259324850542e-02 7.392692134927356801e-03
8.697394789579158569e+00 -1.080922045081874061e-01 1.085896505434172377e-02
8.737474949899798560e+00 -1.521826405053318676e-01 1.570075481995095515e-02
8.777555110220440326e+00 -1.983517474712818141e-01 2.234248668017574033e-02
8.817635270541082093e+00 -2.459968662892369484e-01 3.128607429544359719e-02
8.857715430861723860e+00 -2.945070949173164143e-01 4.310306761178796242e-02
8.897795591182363850e+00 -3.432732180004059996e-01 5.841578868538809671e-02
8.937875751503005617e+00 -3.916969277619961609e-01 7.786504849188208288e-02
8.977955911823647384e+00 -4.391994698600146796e-01 1.020625287034737094e-01
9.018036072144287374e+00 -4.852293924033038164e-01 1.315276580753777791e-01
9.058116232464929141e+00 -5.292691956616272231e-01 1.666106253562867068e-01
9.098196392785570907e+00 -5.708410865157177438e-01 2.074061392686134819e-01
9.138276553106212674e+00 -6.095112757228234868e-01 2.536652806857636611e-01
9.178356713426852664e+00 -6.448935382028930796e-01 3.047160099133527367e-01
9.218436873747494431e+00 -6.766511692409347134e-01 3.594047497966136318e-01
9.258517034068136198e+00 -7.044984676540745339e-01 4.160729787785643619e-01
9.298597194388777964e+00 -7.282006809855851026e-01 4.725809183040409756e-01
9.338677354709417955e+00 -7.475737850871605472e-01 5.263883823788604310e-01
9.378757515030059722e+00 -7.624829696819590552e-01 5.746952171514599916e-01
9.418837675350701488e+00 -7.728412461426134028e-01 6.146384382710510241e-01
9.458917835671341479e+00 -7.786071216894930869e-01 6.435308809933919516e-01
9.498997995991983245e+00 -7.797826095530046020e-01 6.591210957924678038e-01
9.539078156312625012e+00 -7.764107090539920097e-01 6.598427295290217875e-01
9.579158316633266779e+00 -7.685733228434109554e-01 6.450223862809500996e-01
9.619238476953906769e+00 -7.563890193190827560e-01 6.150117416547343785e-01
9.659318637274548536e+00 -7.400112030532232099e-01 5.712198098647738309e-01
9.699398797595190302e+00 -7.196264199818712681e-01 5.160304594298684711e-01
9.739478957915832069e+00 -6.954529159454946319e-01 4.526068140947936413e-01
9.779559118236472059e+00 -6.677394978816724169e-01 3.846019174647157257e-01
9.819639278557113826e+00 -6.367643951076654707e-01 3.158081258126167468e-01
9.859719438877755593e+00 -6.028344575436451747e-01 2.497929045420261285e-01
9.899799599198395583e+00 -5.662840483739152164e-01 1.895674277257215212e-01
9.939879759519037350e+00 -5.274741846752288854e-01 1.373363886105576359e-01
9.979959919839679117e+00 -4.867910750522935759e-01 9.435885218601057500e-02
1.002004008016032088e+01 -4.446447202097424389e-01 6.093777189543337497e-02
1.006012024048096087e+01 -4.014666890489705375e-01 3.652947872428560783e-02
1.010020040080160264e+01 -3.577077146984689593e-01 1.994900726581099945e-02
1.014028056112224441e+01 -3.138343819748135588e-01 9.629539873162435912e-03
1.018036072144288617e+01 -2.703253850810133363e-01 3.890065237165831954e-03
1.022044088176352616e+01 -2.276669593139794001e-01 1.167057085979640065e-03
1.026052104208416793e+01 -1.863476933703686889e-01 1.780381428543664844e-04
1.030060120240480970e+01 -1.468527638835398774e-01 1.431419070103066443e-06
1.034068136272544969e+01 -1.096574698664810332e-01 7.568939598487604695e-05
1.038076152304609145e+01 -7.522058482781389388e-02 1.363100052081505351e-04
1.042084168336673322e+01 -4.397706035596831570e-02 1.189751090268233006e-04
1.046092184368737499e+01 -1.633104699153497402e-02 5.885243844280433858e-05
1.050100200400801498e+01 7.351550535799998218e-03 1.044718275202717685e-05
1.054108216432865675e+01 2.674966296107809602e-02 1.698143427783149274e-06
1.058116232464929851e+01 4.159382212105544596e-02 2.350010159476851232e-05
1.062124248496994028e+01 5.167157513010123965e-02 4.535741266455874679e-05
1.066132264529058027e+01 5.683272297088796943e-02 4.194443024496755248e-05
1.070140280561122204e+01 5.699283255225949529e-02 1.519982329486084185e-05
1.074148296593186380e+01 5.213621791849872705e-02 1.449209164642443180e-06
1.078156312625250379e+01 4.231700575942108633e-02 6.073304909982768816e-05
1.082164328657314556e+01 2.765937312654080313e-02 2.531599719431597783e-04
1.086172344689378733e+01 8.355901861884111603e-03 6.121044741037476138e-04
1.090180360721442909e+01 -1.533507836806148432e-02 1.125031298389389447e-03
1.094188376753506908e+01 -4.309377844514762634e-02 1.729471466670226554e-03
1.098196392785571085e+01 -7.454428174192616330e-02 2.326118504189217569e-03
1.102204408817635262e+01 -1.092610773444130379e-01 2.804576174375810697e-03
1.106212424849699438e+01 -1.467765035759065195e-01 3.073311586684285366e-03
1.110220440881763437e+01 -1.865888576641544228e-01 3.083915729205416543e-03
1.114228456913827614e+01 -2.281711298622685069e-01 2.842388219078795849e-03
1.118236472945891791e+01 -2.709798544059351388e-01 2.404636387247626687e-03
1.122244488977955790e+01 -3.144641842628265738e-01 1.858712573375105419e-03
1.126252505010019966e+01 -3.580746090339858023e-01 1.300330832648014922e-03
1.130260521042084143e+01 -4.012714380224450816e-01 8.095272113393791463e-04
1.134268537074148320e+01 -4.435325963296804508e-01 4.351767969432879008e-04
1.138276553106212319e+01 -4.843607418152173216e-01 1.905705938541680567e-04
1.142284569138276495e+01 -5.232895341613640339e-01 5.941876818635269668e-05
1.146292585170340672e+01 -5.598888743602937756e-01 8.393287168168685555e-06
1.150300601202404849e+01 -5.937692896308347512e-01 1.018365061969882434e-06
1.154308617234468848e+01 -6.245850907518671891e-01 8.325377565188287572e-06
1.158316633266533024e+01 -6.520367904259373182e-01 1.378721360315778213e-05
1.162324649298597201e+01 -6.758722691561205309e-01 1.257624812699543424e-05
1.166332665330661200e+01 -6.958873968435100865e-01 7.161718332514494992e-06
1.170340681362725377e+01 -7.119255382726971115e-01 2.053820805167741441e-06
1.174348697394789554e+01 -7.238767398364450711e-01 2.986757827954350854e-08
1.178356713426853730e+01 -7.316760598164513407e-01 9.162966621742006709e-07
1.182364729458917729e+01 -7.353017909626942128e-01 2.594934255998298407e-06
1.186372745490981906e+01 -7.347731547749871694e-01 2.992648232462305069e-06
1.190380761523046083e+01 -7.301480483366076246e-01 1.667658553398894534e-06
1.194388777555110259e+01 -7.215205985789658882e-01 1.388453766231731351e-07
1.198396793587174258e+01 -7.090188544767542789e-01 9.355829321835234644e-07
1.202404809619238435e+01 -6.928025734405541813e-01 6.034451692576187476e-06
1.206412825651302612e+01 -6.730611454827394313e-01 1.559088094507808024e-05
1.210420841683366611e+01 -6.500118060172787038e-01 2.762440993916526704e-05
1.214428857715430787e+01 -6.238979033535015928e-01 3.877613550245730025e-05
1.218436873747494964e+01 -5.949875330233314052e-01 4.570828718101518467e-05
1.222444889779559141e+01 -5.635720760913442984e-01 4.645566514222186730e-05
1.226452905811623140e+01 -5.299650648416790455e-01 4.111510163385476965e-05
1.230460921843687316e+01 -4.945007612333878755e-01 3.163248298499527817e-05
1.234468937875751493e+01 -4.575329259326105236e-01 2.087714105087109040e-05
1.238476953907815670e+01 -4.194331057990189904e-01 1.148315488695158524e-05
1.242484969939879669e+01 -3.805889152208425941e-01 4.980849892804904872e-06
1.246492985971943845e+01 -3.414016829893877780e-01 1.531279783881070852e-06
1.250501002004008022e+01 -3.022838830325734194e-01 2.749737360478575001e-07
1.254509018036072021e+01 -2.636558646599687639e-01 3.621340131660471637e-08
1.258517034068136198e+01 -2.259421925045404511e-01 2.491069291963009136e-08
1.262525050100200374e+01 -1.895673391355693349e-01 2.503902121622272793e-07
1.266533066132264551e+01 -1.549508967134974047e-01 1.549824581296881539e-06
1.270541082164328550e+01 -1.225023255475682082e-01 5.328696957618285119e-06
1.274549098196392727e+01 -9.261524427387597680e-02 1.322607903680628649e-05
1.278557114228456904e+01 -6.566156536132655708e-02 2.692116674354671658e-05
1.282565130260520903e+01 -4.198531132398350407e-02 4.821993031564595803e-05
1.286573146292585079e+01 -2.189667892586030437e-02 7.946148754309005061e-05
1.290581162324649256e+01 -5.666019266475126256e-03 1.242257929293610029e-04
1.294589178356713433e+01 6.481490679802649410e-03 1.883252716350891881e-04
1.298597194388777432e+01 1.437096899016691506e-02 2.811126388650153347e-04
1.302605210420841608e+01 1.788184268161405882e-02 4.171940413223390685e-04
1.306613226452905785e+01 1.695135803693816751e-02 6.186526857206388254e-04
1.310621242484969962e+01 1.157666706416799612e-02 9.178729854627365025e-04
1.314629258517033961e+01 1.816165557696137328e-03 1.360973471702931837e-03
1.318637274549098137e+01 -1.221075250595603581e-02 2.011809757580932702e-03
1.322645290581162314e+01 -3.032483353466299339e-02 2.956427367883806504e-03
1.326653306613226313e+01 -5.228965682190184205e-02 4.307851722479789230e-03
1.330661322645290490e+01 -7.781523091464487285e-02 6.211052245471553566e-03
1.334669338677354666e+01 -1.065629261954387647e-01 8.847904984287923921e-03
1.338677354709418843e+01 -1.381511776734569985e-01 1.244182612199788360e-02
1.342685370741482842e+01 -1.721621549202519141e-01 1.726157578712118890e-02
1.346693386773547019e+01 -2.081489385449055984e-01 2.362335911963639457e-02
1.350701402805611195e+01 -2.456432082728643440e-01 3.189007625790246658e-02
1.354709418837675372e+01 -2.841630821959260644e-01 4.246606708118699780e-02
1.358717434869739371e+01 -3.232210051039623444e-01 5.578568614439664841e-02
1.362725450901803548e+01 -3.623313966942729447e-01 7.229372778820203349e-02
1.366733466933867724e+01 -4.010179560062302473e-01 9.241649476675725672e-02
1.370741482965931723e+01 -4.388203619112924225e-01 1.165225881268445451e-01
1.374749498997995900e+01 -4.753003632238035903e-01 1.448743353933568123e-01
1.378757515030060077e+01 -5.100469881031223229e-01 1.775717986852947683e-01
1.382765531062124253e+01 -5.426810270408509718e-01 2.144938272829779446e-01
1.386773547094188253e+01 -5.728584892889347913e-01 2.552418437239854510e-01
1.390781563126252429e+01 -6.002733576215816269e-01 2.990941636357518085e-01
1.394789579158316606e+01 -6.246593180691274450e-01 3.449788254580438140e-01
1.398797595190380783e+01 -6.457909182313430474e-01 3.914733656495653635e-01
1.402805611222444782e+01 -6.634838343840148145e-01 4.368377916040662723e-01
1.406813627254508958e+01 -6.775947527859944586e-01 4.790853039918505640e-01
1.410821643286573135e+01 -6.880205857300646377e-01 5.160903389773590089e-01
1.414829659318637134e+01 -6.946974897567143037e-01 5.457304255798723913e-01
1.418837675350701311e+01 -6.975994833007171936e-01 5.660516013066231311e-01
1.422845691382765487e+01 -6.967370124434736356e-01 5.754446255462675186e-01
1.426853707414829664e+01 -6.921553661428437865e-01 5.728131492523342860e-01
1.430861723446893663e+01 -6.839331161011442672e-01 5.577154364944412190e-01
1.434869739478957840e+01 -6.721805992790552686e-01 5.304589488211300941e-01
1.438877755511022016e+01 -6.570384249107504848e-01 4.921321088230975471e-01
1.442885771543086193e+01 -6.386761360042688684e-01 4.445614186561320791e-01
1.446893787575150192e+01 -6.172908293097906229e-01 3.901911348484609077e-01
1.450901803607214369e+01 -5.931059550572972405e-01 3.318923380944233115e-01
1.454909819639278545e+01 -5.663699661710740463e-01 2.727175334378286742e-01
1.458917835671342544e+01 -5.373550972468048581e-01 2.156280625261728923e-01
1.462925851703406721e+01 -5.063558689689455772e-01 1.632250283032112004e-01
1.466933867735470898e+01 -4.736876197492580487e-01 1.175203320112295780e-01
1.470941883767535074e+01 -4.396846505129720639e-01 7.977695109866993206e-02
1.474949899799599073e+01 -4.046982704958925758e-01 5.044352543625483382e-02
1.478957915831663250e+01 -3.690943777603803433e-01 2.919081063848719820e-02
1.482965931863727427e+01 -3.332508211802103215e-01 1.504573768044352097e-02
1.486973947895791603e+01 -2.975542691049802291e-01 6.599807705271083791e-03
1.490981963927855602e+01 -2.623967746912974630e-01 2.258418934753887025e-03
1.494989979959919779e+01 -2.281718817792463827e-01 4.890002101410086122e-04
1.498997995991983956e+01 -1.952703999808072521e-01 2.751305808108153194e-05
1.503006012024047955e+01 -1.640758229975298743e-01 1.056373061021703530e-05
1.507014028056112132e+01 -1.349594600843472825e-01 1.545604936187194305e-05
1.511022044088176308e+01 -1.082753840166583575e-01 8.749293714563035601e-06
1.515030060120240485e+01 -8.435520987013633842e-02 2.221238246794488762e-04
1.519038076152304484e+01 -6.350292849207793411e-02 9.884341153922025780e-04
1.523046092184368661e+01 -4.598975171713731019e-02 2.577690479979781717e-03
1.527054108216432837e+01 -3.204929847271063836e-02 5.070676008648568496e-03
1.531062124248497014e+01 -2.187301458980376451e-02 8.297625852856486267e-03
1.535070140280561013e+01 -1.560623800147038949e-02 1.185275338626296665e-02
1.539078156312625190e+01 -1.334472849728564683e-02 1.517726658469971922e-02
1.543086172344689366e+01 -1.513212584097896329e-02 1.768669660311849787e-02
1.547094188376753365e+01 -2.095807381190990804e-02 1.890899343469613567e-02
1.551102204408817542e+01 -3.075749037796670152e-02 1.859756101932832570e-02
1.555110220440881719e+01 -4.441063675741970668e-02 1.679134200279972650e-02
1.559118236472945895e+01 -6.174444622225898349e-02 1.380767817844898854e-02
1.563126252505009894e+01 -8.253468375202575869e-02 1.017096716536719861e-02
1.567134268537074071e+01 -1.065093495572874277e-01 6.496308927490515063e-03
1.571142284569138248e+01 -1.333528249062335136e-01 3.357171050737759420e-03
1.575150300601202424e+01 -1.627111116055263706e-01 1.169740273990917253e-03
1.579158316633266423e+01 -1.941976036154803853e-01 1.198855493211480798e-04
1.583166332665330600e+01 -2.273996861590788787e-01 1.476208881731125300e-04
1.587174348697394777e+01 -2.618855550506999919e-01 9.879968046029711549e-04
1.591182364729458776e+01 -2.972115207783814217e-01 2.253932385521186313e-03
1.595190380761522952e+01 -3.329291590558308700e-01 3.537056251330713413e-03
1.599198396793587129e+01 -3.685925799121405610e-01 4.500331980735180343e-03
1.603206412825651128e+01 -4.037651627899577766e-01 4.941123897033684702e-03
1.607214428857715305e+01 -4.380260765496242215e-01 4.813133245999527861e-03
1.611222444889779482e+01 -4.709759402920714599e-01 4.207648667535147415e-03
1.615230460921843658e+01 -5.022420150910791303e-01 3.305098779744861364e-03
1.619238476953907835e+01 -5.314823241415655986e-01 2.313962366014793264e-03
1.623246492985972012e+01 -5.583891599027048791e-01 1.415069845961085607e-03
1.627254509018035833e+01 -5.826914553600842650e-01 7.247203180485636007e-04
1.631262525050100010e+01 -6.041565225637511860e-01 2.827431147859425916e-04
1.635270541082164186e+01 -6.225907425353636171e-01 6.341669354576562150e-05
1.639278557114228363e+01 -6.378397173088302674e-01 1.131829555042988264e-06
1.643286573146292540e+01 -6.497875879956328538e-01 2.001539668068687475e-05
1.647294589178356716e+01 -6.583559901796416369e-01 5.787839877678439772e-05
1.651302605210420893e+01 -6.635024695547923068e-01 7.875094876570944591e-05
1.655310621242485070e+01 -6.652187423155332402e-01 7.320867512467832438e-05
1.659318637274548891e+01 -6.635287258977227154e-01 4.988675096219345430e-05
1.663326653306613068e+01 -6.584866038511751896e-01 2.369442972894980254e-05
1.667334669338677244e+01 -6.501749221286264868e-01 6.029740857702410044e-06
1.671342685370741421e+01 -6.387028493160114007e-01 1.550076266288399341e-07
1.675350701402805598e+01 -6.242046291920264611e-01 2.110336038800230152e-06
1.679358717434869774e+01 -6.068382433316662494e-01 5.165471208772601289e-06
1.683366733466933951e+01 -5.867843009509843277e-01 4.778262946721743757e-06
1.687374749498997772e+01 -5.642450986776027522e-01 1.447344589190751355e-06
1.691382765531061949e+01 -5.394438208104054278e-01 3.203554035969830955e-07
1.695390781563126126e+01 -5.126238011814272522e-01 8.141350075721893935e-06
1.699398797595190302e+01 -4.840477490284081918e-01 2.932171617742206689e-05
1.703406813627254479e+01 -4.539968926621199552e-01 6.314931586356585438e-05
1.707414829659318656e+01 -4.227698715468899415e-01 1.034267782408996840e-04
1.711422845691382832e+01 -3.906814056561061510e-01 1.406216822459915611e-04
1.715430861723446654e+01 -3.580605153043456279e-01 1.654411773532399809e-04
1.719438877755510831e+01 -3.252484168834011702e-01 1.722246425773000275e-04
1.723446893787575007e+01 -2.925958390819328181e-01 1.607259342768520803e-04
1.727454909819639184e+01 -2.604599787580080261e-01 1.356975645908130377e-04
1.731462925851703361e+01 -2.292008491099977729e-01 1.046754964042289168e-04
1.735470941883767537e+01 -1.991773088603359110e-01 7.509372986893851523e-05
1.739478957915831714e+01 -1.707425690111888938e-01 5.204664226706314461e-05
1.743486973947895891e+01 -1.442394994769529981e-01 3.760053896825731859e-05
1.747494989979959712e+01 -1.199955982579013064e-01 3.183773330760403182e-05
1.751503006012023889e+01 -9.831795019336553310e-02 3.507895676831674606e-05
1.755511022044088065e+01 -7.948809635038561749e-02 5.034270074900607666e-05
1.759519038076152242e+01 -6.375713698308256572e-02 8.514990935165648266e-05
1.763527054108216419e+01 -5.134101466917923712e-02 1.522222105238153474e-04
1.767535070140280595e+01 -4.241629936201541523e-02 2.692018336232717573e-04
1.771543086172344772e+01 -3.711640438026030803e-02 4.580091737552317724e-04
1.775551102204408593e+01 -3.552856147181110424e-02 7.446478986228412603e-04
1.779559118236472770e+01 -3.769142286158169014e-02 1.160192511169607288e-03
1.783567134268536947e+01 -4.359363341979774487e-02 1.743370017423677898e-03
1.787575150300601123e+01 -5.317314305554653175e-02 2.544827457103708990e-03
1.791583166332665300e+01 -6.631762475289942893e-02 3.632853095030825347e-03
1.795591182364729477e+01 -8.286564570908368232e-02 5.100124562332627662e-03
1.799599198396793653e+01 -1.026089844380654731e-01 7.070901638353615723e-03
1.803607214428857475e+01 -1.252956080363188118e-01 9.707808924902245132e-03
1.807615230460921651e+01 -1.506337336890591905e-01 1.321723313060785276e-02
1.811623246492985828e+01 -1.782963588158052726e-01 1.785188738676895051e-02
1.815631262525050005e+01 -2.079267190543771238e-01 2.390928483109897029e-02
1.819639278557114181e+01 -2.391439442932506154e-01 3.172464090826476735e-02
1.823647294589178358e+01 -2.715494123089525758e-01 4.165765400938500201e-02
1.827655310621242535e+01 -3.047329811245416131e-01 5.407295204314454401e-02
1.831663326653306711e+01 -3.382796462185067021e-01 6.931531198623669399e-02
1.835671342685370533e+01 -3.717757468961904177e-01 8.768116685156296386e-02
1.839679358717434710e+01 -4.048153190219314634e-01 1.093886173684901347e-01
1.843687374749498886e+01 -4.370056998800934678e-01 1.345479658433992309e-01
1.847695390781563063e+01 -4.679730311965162315e-01 1.631345126712111793e-01
1.851703406813627240e+01 -4.973667916181963022e-01 1.949646758029207338e-01
1.855711422845691416e+01 -5.248640382916563984e-01 2.296761429639783691e-01
1.859719438877755593e+01 -5.501725641110550846e-01 2.667124014033707136e-01
1.863727454909819414e+01 -5.730336521974198627e-01 3.053127212440274740e-01
1.867735470941883591e+01 -5.932237576268697410e-01 3.445090047367680985e-01
1.871743486973947768e+01 -6.105557622148701791e-01 3.831326726221644940e-01
1.875751503006011944e+01 -6.248792818299887530e-01 4.198350311912705801e-01
1.879759519038076121e+01 -6.360806110105671207e-01 4.531258504541800236e-01
1.883767535070140298e+01 -6.440819290803713182e-01 4.814334708118424011e-01
1.887775551102204474e+01 -6.488402740706399330e-01 5.031889010453310940e-01
1.891783567134268296e+01 -6.503460315191059715e-01 5.169320752641290984e-01
1.895791583166332472e+01 -6.486213520264326737e-01 5.214354504571254711e-01
1.899799599198396649e+01 -6.437183329655836728e-01 5.158338173789014380e-01
1.903807615230460826e+01 -6.357172812692687414e-01 4.997467078090152559e-01
1.907815631262525002e+01 -6.247249370669561985e-01 4.733749490604829968e-01
1.911823647294589179e+01 -6.108728878268449014e-01 4.375547683481444960e-01
1.915831663326653356e+01 -5.943160499461886959e-01 3.937536369811390213e-01
1.919839679358717532e+01 -5.752313851635079134e-01 3.439998048748283410e-01
1.923847695390781354e+01 -5.538166834029087937e-01 2.907449701014815369e-01
1.927855711422845530e+01 -5.302895541897455489e-01 2.366698146646699363e-01
1.931863727454909707e+01 -5.048863829846883533e-01 1.844523470641706298e-01
1.935871743486973884e+01 -4.778614114403259561e-01 1.365248652034838917e-01
1.939879759519038060e+01 -4.494856111264014520e-01 9.485152768482202346e-02
1.943887775551102237e+01 -4.200455646268990706e-01 6.075457969414933129e-02
1.947895791583166414e+01 -3.898419458604768240e-01 3.481505493853272182e-02
1.951903807615230235e+01 -3.591878934856971295e-01 1.686065179356749030e-02
1.955911823647294412e+01 -3.284068193994587048e-01 6.044387481175612399e-03
1.959919839679358589e+01 -2.978300318907167177e-01 1.001975088804586949e-03
1.963927855711422765e+01 -2.677937065237119274e-01 6.634830799820774425e-05
1.967935871743486942e+01 -2.386356544818318548e-01 1.507935147467005799e-03
1.971943887775551119e+01 -2.106914580967619022e-01 3.766344992810359994e-03
1.975951903807615295e+01 -1.842904599237187580e-01 5.640179726812427456e-03
1.979959919839679117e+01 -1.597512522962948600e-01 6.408406442142048839e-03
1.983967935871743293e+01 -1.373771473854723812e-01 5.867600303054789322e-03
1.987975951903807470e+01 -1.174513755494058648e-01 4.282763537777809458e-03
1.991983967935871647e+01 -1.002324513462412858e-01 2.263483173950094941e-03
1.995991983967935823e+01 -8.594954549192389270e-02 5.894007317155356166e-04
2.000000000000000000e+01 -7.479825305602376406e-02 1.728792523077953325e-05
