# time correlation overlap_with_initial
0.000000000000000000e+00 -1.000000000000000000e+00 1.000000000000000000e+00
4.008016032064128098e-02 -9.967444712878393842e-01 9.854570234958635044e-01
8.016032064128256196e-02 -9.869991230532860760e-01 9.430393777108969644e-01
1.202404809619238429e-01 -9.708280370601207743e-01 8.762205487254636216e-01
1.603206412825651239e-01 -9.483394384617175321e-01 7.902838732774601915e-01
2.004008016032063910e-01 -9.196868396197573903e-01 6.916535275905923985e-01
2.404809619238476859e-01 -8.850712553776111102e-01 5.871278012156758708e-01
2.805611222444889807e-01 -8.447432542887600704e-01 4.831335457391974786e-01
3.206412825651302478e-01 -7.990054210186672279e-01 3.851138291254419532e-01
3.607214428857715149e-01 -7.482147039998527926e-01 2.971217627403985317e-01
4.008016032064127820e-01 -6.927840238686968632e-01 2.216516574914769167e-01
4.408817635270541047e-01 -6.331841592008714548e-01 1.596943336591068463e-01
4.809619238476953718e-01 -5.699434039604166502e-01 1.109664915314909905e-01
5.210420841683366389e-01 -5.036480774274281202e-01 7.424668226830910545e-02
5.611222444889779615e-01 -4.349392807627764923e-01 4.774441310153079016e-02
6.012024048096191731e-01 -3.645111279070887833e-01 2.944155267838487883e-02
6.412825651302604957e-01 -2.931039953956822153e-01 1.736397540218986846e-02
6.813627254509018183e-01 -2.214997642965959024e-01 9.764025810045588727e-03
7.214428857715430299e-01 -1.505114723472449345e-01 5.215242312066450947e-03
7.615230460921843525e-01 -8.097522824875101610e-02 2.634003895314067020e-03
8.016032064128255641e-01 -1.373679752482564846e-02 1.250971482676147342e-03
8.416833667334668867e-01 5.035963683176103434e-02 5.548441956675923470e-04
8.817635270541082093e-01 1.104868012623877183e-01 2.278243789109057232e-04
9.218436873747494209e-01 1.658479479999217243e-01 8.563034488384373816e-05
9.619238476953907435e-01 2.156924944707228897e-01 2.902169176677560212e-05
1.002004008016031955e+00 2.593305649000107183e-01 8.686841050528466431e-06
1.042084168336673278e+00 2.961472657073683790e-01 2.228274812363619405e-06
1.082164328657314600e+00 3.256161476137294786e-01 4.674665687202930295e-07
1.122244488977955923e+00 3.473105325253350029e-01 7.403522350755376470e-08
1.162324649298597246e+00 3.609138277579045928e-01 7.520958967731669561e-09
1.202404809619238346e+00 3.662265732613818603e-01 3.071827725985233247e-10
1.242484969939879669e+00 3.631718957002546544e-01 1.758947158697510370e-12
1.282565130260520991e+00 3.517974236909910402e-01 2.999560621759754767e-12
1.322645290581162314e+00 3.322748667326126393e-01 2.126767079322023925e-14
1.362725450901803637e+00 3.048965798826259732e-01 2.311643218364942715e-14
1.402805611222444737e+00 2.700691711530283090e-01 1.372290109710555998e-12
1.442885771543086060e+00 2.283051626260478029e-01 3.032519080107556705e-12
1.482965931863727382e+00 1.802114991150681189e-01 9.456577151094132608e-13
1.523046092184368705e+00 1.264773169584695878e-01 1.544150271719205191e-12
1.563126252505010028e+00 6.785905775392513106e-02 1.270832791683513509e-11
1.603206412825651128e+00 5.165724442256231647e-03 2.632620023551676540e-11
1.643286573146292451e+00 -6.075720301863103689e-02 2.593859793026216498e-11
1.683366733466933773e+00 -1.290434351610879882e-01 1.050767915860475503e-11
1.723446893787575096e+00 -1.988210177132765655e-01 7.822744022123943848e-13
1.763527054108216419e+00 -2.692272648971577587e-01 1.834789665106585684e-11
1.803607214428857741e+00 -3.394212708149876856e-01 6.118238068119197765e-11
1.843687374749498842e+00 -4.085966868574354427e-01 1.024547727512481279e-10
1.883767535070140164e+00 -4.759905498317031358e-01 1.133458201116973443e-10
1.923847695390781487e+00 -5.408929366826085161e-01 8.717573556401014397e-11
1.963927855711422810e+00 -6.026517879208912465e-01 4.326226362036292722e-11
2.004008016032063910e+00 -6.606790243411483354e-01 9.585474085606090305e-12
2.044088176352705233e+00 -7.144517205265122906e-01 1.429759840065209728e-12
2.084168336673346555e+00 -7.635148071918393953e-01 1.343845109855650701e-11
2.124248496993987878e+00 -8.074794571586961789e-01 2.852500052803898647e-11
2.164328657314629201e+00 -8.460229371944611998e-01 3.306369201689400603e-11
2.204408817635270523e+00 -8.788853379904297825e-01 2.537533301431518242e-11
2.244488977955911846e+00 -9.058674317657395836e-01 1.294310119597322938e-11
2.284569138276553169e+00 -9.268268813968959519e-01 3.764653064092697363e-12
2.324649298597194491e+00 -9.416751087154904276e-01 3.460192556485018130e-13
2.364729458917835370e+00 -9.503738636884819790e-01 2.445082838295825338e-13
2.404809619238476692e+00 -9.529321263512642304e-01 4.162117454577487033e-13
2.444889779559118015e+00 -9.494035374395818350e-01 1.215103019613828357e-13
2.484969939879759337e+00 -9.398841338034578108e-01 7.701040077430751527e-14
2.525050100200400660e+00 -9.245108147803705601e-01 2.245440707421200835e-13
2.565130260521041983e+00 -9.034603245248545855e-01 1.782601305253443095e-13
2.605210420841683305e+00 -8.769486225986257155e-01 3.598334995761552931e-12
2.645290581162324628e+00 -8.452311027558235823e-01 2.312665516825797795e-11
2.685370741482965951e+00 -8.086024793850289383e-01 8.039226976465608926e-11
2.725450901803607273e+00 -7.673978349503295382e-01 1.981193324097429976e-10
2.765531062124248596e+00 -7.219924654043573531e-01 3.869216178408625317e-10
2.805611222444889474e+00 -6.728030264409805561e-01 6.338006390413015791e-10
2.845691382765530797e+00 -6.202867294582599111e-01 8.995141946731146644e-10
2.885771543086172120e+00 -5.649416494368175723e-01 1.127258420821661753e-09
2.925851703406813442e+00 -5.073047398104152395e-01 1.259135568114474437e-09
2.965931863727454765e+00 -4.479503164545812210e-01 1.252972926253321284e-09
3.006012024048096087e+00 -3.874865220196920812e-01 1.093856670071459345e-09
3.046092184368737410e+00 -3.265519151899211603e-01 8.022276385565463207e-10
3.086172344689378733e+00 -2.658077089441224783e-01 4.536449522560207868e-10
3.126252505010020055e+00 -2.059339558375086754e-01 2.538103014190221554e-10
3.166332665330661378e+00 -1.476203877258321362e-01 7.663305923284625750e-10
3.206412825651302256e+00 -9.155708083139210696e-02 3.529855452903355815e-09
3.246492985971943579e+00 -3.842586532377915282e-02 1.260717722396797373e-08
3.286573146292584902e+00 1.111090116529711222e-02 3.827050136539439177e-08
3.326653306613226224e+00 5.642053395115620429e-02 1.053508723736367022e-07
3.366733466933867547e+00 9.691297922439601198e-02 2.713419628222334272e-07
3.406813627254508869e+00 1.320499268598823162e-01 6.639211984425614106e-07
3.446893787575150192e+00 1.613564493229971142e-01 1.555616926675195131e-06
3.486973947895791515e+00 1.844300103597338314e-01 3.506439347424893866e-06
3.527054108216432837e+00 2.009503555622135229e-01 7.626409815309626197e-06
3.567134268537074160e+00 2.106859100359812498e-01 1.604076844622334978e-05
3.607214428857715482e+00 2.135001226304092392e-01 3.268556065671303454e-05
3.647294589178356361e+00 2.093548373893514003e-01 6.461962781924720470e-05
3.687374749498997684e+00 1.983123083362520744e-01 1.241126883948851563e-04
3.727454909819639006e+00 1.805347197015223504e-01 2.318492230160845854e-04
3.767535070140280329e+00 1.562817512786891239e-01 4.216643315917830911e-04
3.807615230460921651e+00 1.259059132021118355e-01 7.472745328012844572e-04
3.847695390781562974e+00 8.984609323806042047e-02 1.291452365713961293e-03
3.887775551102204297e+00 4.861900062920500309e-02 2.177964276468203047e-03
3.927855711422845619e+00 2.809620734819456237e-03 3.586315328318876935e-03
3.967935871743486942e+00 -4.694036101096770580e-02 5.768816509949189174e-03
4.008016032064127820e+00 -9.994394427586332508e-02 9.068798912128740036e-03
4.048096192384769587e+00 -1.554821035503627658e-01 1.393771366645971989e-02
4.088176352705410466e+00 -2.128156480601454403e-01 2.094788001178646969e-02
4.128256513026052232e+00 -2.711987045779616357e-01 3.079621846851261086e-02
4.168336673346693111e+00 -3.298898012838923921e-01 4.429379742655364938e-02
4.208416833667334878e+00 -3.881640609091216443e-01 6.233516858382911335e-02
4.248496993987975756e+00 -4.453225625764312690e-01 8.584281106270391648e-02
4.288577154308616635e+00 -5.007020364481726826e-01 1.156831898716843832e-01
4.328657314629258401e+00 -5.536819658865124172e-01 1.525553153601447998e-01
4.368737474949899280e+00 -6.036910554306457177e-01 1.968568142045526159e-01
4.408817635270541047e+00 -6.502118983067268765e-01 2.485393284456239027e-01
4.448897795591181925e+00 -6.927841398218917979e-01 3.069704993858201059e-01
4.488977955911823692e+00 -7.310068071388036159e-01 3.708255860849378749e-01
4.529058116232464570e+00 -7.645386387850349186e-01 4.380333280443399757e-01
4.569138276553106337e+00 -7.930984561613353412e-01 5.058004781624265700e-01
4.609218436873747216e+00 -8.164634676034480121e-01 5.707308367880785660e-01
4.649298597194388982e+00 -8.344682517993502469e-01 6.290461842935313186e-01
4.689378757515029861e+00 -8.470019811906813745e-01 6.768964935712884490e-01
4.729458917835670739e+00 -8.540066481201784576e-01 7.107350322559334854e-01
4.769539078156312506e+00 -8.554740931382832647e-01 7.277112832765560979e-01
4.809619238476953385e+00 -8.514440429648935105e-01 7.260309459516128827e-01
4.849699398797595151e+00 -8.420016058722373797e-01 7.052227120434048091e-01
4.889779559118236030e+00 -8.272755369658173485e-01 6.662654487993491248e-01
4.929859719438877796e+00 -8.074365279294711817e-01 6.115431783714495584e-01
4.969939879759518675e+00 -7.826959129577047980e-01 5.446236857066587556e-01
5.010020040080160442e+00 -7.533046986784840415e-01 4.698856569831557084e-01
5.050100200400801320e+00 -7.195527120202719340e-01 3.920450221677687086e-01
5.090180360721443087e+00 -6.817679780017882329e-01 3.156513715987560587e-01
5.130260521042083965e+00 -6.403160881853309228e-01 2.446297006141017472e-01
5.170340681362724844e+00 -5.955993292334896827e-01 1.819341731520341676e-01
5.210420841683366611e+00 -5.480558550913139371e-01 1.293602250760492733e-01
5.250501002004007489e+00 -4.981579085758289227e-01 8.752874133760824016e-02
5.290581162324649256e+00 -4.464102753214203578e-01 5.602820260333273017e-02
5.330661322645290134e+00 -3.933470160697342677e-01 3.367037733250708570e-02
5.370741482965931901e+00 -3.395286938197028537e-01 1.880341705366939120e-02
5.410821643286572780e+00 -2.855372408303941123e-01 9.620913130971716146e-03
5.450901803607214546e+00 -2.319715818966499310e-01 4.417967077753758368e-03
5.490981963927855425e+00 -1.794405730085225636e-01 1.763279576240702915e-03
5.531062124248497192e+00 -1.285568756623380604e-01 5.790448881043909393e-04
5.571142284569138070e+00 -7.992827796792804917e-02 1.404072491738286507e-04
5.611222444889778949e+00 -3.414997413333793058e-02 1.908483788443009411e-05
5.651302605210420715e+00 8.205051942441322563e-03 6.176087887170303639e-07
5.691382765531061594e+00 4.659485527694636614e-02 1.058943742154705274e-06
5.731462925851703361e+00 8.051813870928316297e-02 4.833046457544333020e-07
5.771543086172344239e+00 1.095233442944014840e-01 3.517789964882696030e-07
5.811623246492986006e+00 1.332172536711773436e-01 3.100889193113636570e-06
5.851703406813626884e+00 1.512732084673250599e-01 7.137890419760023140e-06
5.891783567134268651e+00 1.634377506380633172e-01 9.181192204135069952e-06
5.931863727454909530e+00 1.695368041204631249e-01 7.634928235194568113e-06
5.971943887775551296e+00 1.694795529581014926e-01 3.815198036638975807e-06
6.012024048096192175e+00 1.632616024138217325e-01 7.433172632189009340e-07
6.052104208416833053e+00 1.509655705819799298e-01 9.155811526531530284e-07
6.092184368737474820e+00 1.327606185438083009e-01 4.691237030498698210e-06
6.132264529058115698e+00 1.088996006725253818e-01 1.018665277507602854e-05
6.172344689378757465e+00 7.971485408673897877e-02 1.450703734315166106e-05
6.212424849699398344e+00 4.561215179253751140e-02 1.542931123735962628e-05
6.252505010020040110e+00 7.063187650617096074e-03 1.256050852068549598e-05
6.292585170340680989e+00 -3.540306465991163026e-02 7.425912560513288575e-06
6.332665330661322756e+00 -8.121024194537523888e-02 2.579206704492976967e-06
6.372745490981963634e+00 -1.297449609684248606e-01 3.037501713271918224e-07
6.412825651302604513e+00 -1.803678214953854109e-01 1.586206444959657233e-06
6.452905811623246279e+00 -2.324244759259749826e-01 5.808614926396720480e-06
6.492985971943887158e+00 -2.852564200419388518e-01 1.119385466552799022e-05
6.533066132264528925e+00 -3.382116741602317900e-01 1.568633409372319838e-05
6.573146292585169803e+00 -3.906542089229896320e-01 1.780761819309393490e-05
6.613226452905811570e+00 -4.419732569151483825e-01 1.712323050289730575e-05
6.653306613226452448e+00 -4.915905522959022611e-01 1.420064632459500755e-05
6.693386773547094215e+00 -5.389675461285962088e-01 1.018335077731259946e-05
6.733466933867735094e+00 -5.836100616996271473e-01 6.247325800601381411e-06
6.773547094188376860e+00 -6.250730321639313969e-01 3.188522494704395683e-06
6.813627254509017739e+00 -6.629626071326398806e-01 1.275756234429045462e-06
6.853707414829658617e+00 -6.969384021766340531e-01 3.485080191577625887e-07
6.893787575150300384e+00 -7.267134589834864933e-01 4.330365524282632772e-08
6.933867735470941263e+00 -7.520543292051010686e-01 1.007448363446712063e-08
6.973947895791583029e+00 -7.727795316767851475e-01 3.119314017120718802e-08
7.014028056112223908e+00 -7.887580388451141955e-01 2.998633478695914906e-08
7.054108216432865675e+00 -7.999069554185126441e-01 1.238968081905679004e-08
7.094188376753506553e+00 -8.061891131168541502e-01 1.104250428100850844e-09
7.134268537074148320e+00 -8.076106092342206777e-01 1.383502029072540256e-09
7.174348697394789198e+00 -8.042182318675269448e-01 3.363147679485880281e-09
7.214428857715430965e+00 -7.960973062127874034e-01 1.075710317629093961e-09
7.254509018036071843e+00 -7.833695218249935310e-01 4.253482978872664202e-09
7.294589178356712722e+00 -7.661913217908346008e-01 3.206018188163645868e-08
7.334669338677354489e+00 -7.447524388631753256e-01 9.510664439964853927e-08
7.374749498997995367e+00 -7.192748299429391201e-01 1.812515148789552877e-07
7.414829659318637134e+00 -6.900119278427399028e-01 2.571239705156974451e-07
7.454909819639278012e+00 -6.572479061078001505e-01 2.857086757538412639e-07
7.494989979959919779e+00 -6.212973718529818390e-01 2.490337300221853596e-07
7.535070140280560658e+00 -5.825045842382332584e-01 1.618859605439134042e-07
7.575150300601202424e+00 -5.412430965539984928e-01 6.806572076964632204e-08
7.615230460921843303e+00 -4.979144777171850555e-01 2.130858484467622581e-08
7.655310621242485070e+00 -4.529472925080496037e-01 6.150621724180035273e-08
7.695390781563125948e+00 -4.067949064675126514e-01 1.987090313055845688e-07
7.735470941883766827e+00 -3.599331986688831808e-01 4.123341350460344986e-07
7.775551102204408593e+00 -3.128571494152881383e-01 6.646397209588587047e-07
7.815631262525049472e+00 -2.660768486533242050e-01 9.209276691638472375e-07
7.855711422845691239e+00 -2.201127156976012689e-01 1.167609605515087148e-06
7.895791583166332117e+00 -1.754896811338450824e-01 1.423316853191304332e-06
7.935871743486973884e+00 -1.327311030672270464e-01 1.745320438685011706e-06
7.975951903807614762e+00 -9.235134927947759309e-02 2.240061677001594279e-06
8.016032064128255641e+00 -5.484873625391403773e-02 3.090672396755996529e-06
8.056112224448897408e+00 -2.069708179737242762e-02 4.615641610323589741e-06
8.096192384769539174e+00 9.661761136018041929e-03 7.373934369766856496e-06
8.136272545090179165e+00 3.582652891914508281e-02 1.233540173338154083e-05
8.176352705410820931e+00 5.744366549265533112e-02 2.114416023533507416e-05
8.216432865731462698e+00 7.421510864115826722e-02 3.651862296853676727e-05
8.256513026052104465e+00 8.590422803425339093e-02 6.285366485967339525e-05
8.296593186372744455e+00 9.234175728695032115e-02 1.071202029143827970e-04
8.336673346693386222e+00 9.342976285018127214e-02 1.801880899680095133e-04
8.376753507014027988e+00 8.914488405408492466e-02 2.987334990825380203e-04
8.416833667334669755e+00 7.953970489982738201e-02 4.879176380385887436e-04
8.456913827655309746e+00 6.474281011496592353e-02 7.850404671594666877e-04
8.496993987975951512e+00 4.495718558374973972e-02 1.244360581210488285e-03
8.537074148296593279e+00 2.045704868554662492e-02 1.943223222123170550e-03
8.577154308617233269e+00 -8.416755230243849750e-03 2.989526954765356782e-03
8.617234468937875036e+00 -4.126276477012098820e-02 4.530385332323240595e-03
8.657314629258516803e+00 -7.762613615583115190e-02 6.761554599603695169e-03
8.697394789579158569e+00 -1.170067734205967325e-01 9.936875518499728790e-03
8.737474949899798560e+00 -1.588684545448755536e-01 1.437647611282319611e-02
8.777555110220440326e+00 -2.026481342914049633e-01 2.047210684486583734e-02
8.817635270541082093e+00 -2.477659751918590836e-01 2.868733946339037388e-02
8.857715430861723860e+00 -2.936348070386006759e-01 3.955024966109130929e-02
8.897795591182363850e+00 -3.396699819417358102e-01 5.363571828405865743e-02
8.937875751503005617e+00 -3.852980594724190744e-01 7.153518765916458411e-02
8.977955911823647384e+00 -4.299654817167692933e-01 9.381188550529495629e-02
9.018036072144287374e+00 -4.731457675365255966e-01 1.209415747555689924e-01
9.058116232464929141e+00 -5.143462329558533552e-01 1.532401666326796974e-01
9.098196392785570907e+00 -5.531132675393958253e-01 1.907828709089922636e-01
9.138276553106212674e+00 -5.890366752651291504e-01 2.333217045923410282e-01
9.178356713426852664e+00 -6.217528923794266582e-01 2.802116458720276815e-01
9.218436873747494431e+00 -6.509469437565210681e-01 3.303571833720111983e-01
9.258517034068136198e+00 -6.763537112834233644e-01 3.821925456045562886e-01
9.298597194388777964e+00 -6.977578553852363807e-01 4.337069862975316825e-01
9.338677354709417955e+00 -7.149934714115117051e-01 4.825243962092898853e-01
9.378757515030059722e+00 -7.279425536169006339e-01 5.260391568757418757e-01
9.418837675350701488e+00 -7.365335260713743448e-01 5.616048634303643095e-01
9.458917835671341479e+00 -7.407389175263814352e-01 5.867608352550773843e-01
9.498997995991983245e+00 -7.405732993709294165e-01 5.994764730930671748e-01
9.539078156312625012e+00 -7.360907945983360401e-01 5.983828796890161561e-01
9.579158316633266779e+00 -7.273829003537594096e-01 5.829620288632557656e-01
9.619238476953906769e+00 -7.145762940751009262e-01 5.536615456830380477e-01
9.659318637274548536e+00 -6.978308822868023453e-01 5.119128563272401511e-01
9.699398797595190302e+00 -6.773381303156725819e-01 4.600402791444150874e-01
9.739478957915832069e+00 -6.533194950994895001e-01 4.010643778598260711e-01
9.779559118236472059e+00 -6.260252407924828955e-01 3.384196739009435739e-01
9.819639278557113826e+00 -5.957332167054889549e-01 2.756201723899258105e-01
9.859719438877755593e+00 -5.627478906469599584e-01 2.159174137216735845e-01
9.899799599198395583e+00 -5.273992460610313904e-01 1.619977659619552257e-01
9.939879759519037350e+00 -4.900416206332992575e-01 1.157607232233592576e-01
9.979959919839679117e+00 -4.510523624693702494e-01 7.820814772705662887e-02
1.002004008016032088e+01 -4.108300152830087204e-01 4.945442800519949528e-02
1.006012024048096087e+01 -3.697923297694968858e-01 2.884965645947852250e-02
1.010020040080160264e+01 -3.283733952030231107e-01 1.518676631134987035e-02
1.014028056112224441e+01 -2.870206593483042856e-01 6.953351133702509110e-03
1.018036072144288617e+01 -2.461907652334712759e-01 2.582093055588949825e-03
1.022044088176352616e+01 -2.063453814869353753e-01 6.597681696617166717e-04
1.026052104208416793e+01 -1.679457399998166844e-01 6.602515815024529247e-05
1.030060120240480970e+01 -1.314472934709072227e-01 3.069960164107131878e-05
1.034068136272544969e+01 -9.729322578223546791e-02 1.159979005235576541e-04
1.038076152304609145e+01 -6.590819802774913749e-02 1.443270180582132930e-04
1.042084168336673322e+01 -3.769136742493846282e-02 1.004563737892847503e-04
1.046092184368737499e+01 -1.300971980284695503e-02 3.683952372029212715e-05
1.050100200400801498e+01 7.808680923394943976e-03 3.961464825019829767e-06
1.054108216432865675e+01 2.448107129193596854e-02 1.623874687056151003e-05
1.058116232464929851e+01 3.677573646216936165e-02 5.167570576347955491e-05
1.062124248496994028e+01 4.451728017339490889e-02 7.383501951799195933e-05
1.066132264529058027e+01 4.759065286782548920e-02 6.008776342137348334e-05
1.070140280561122204e+01 4.594454091260145173e-02 2.134474982408076995e-05
1.074148296593186380e+01 3.959311085117175888e-02 4.409035643728343584e-06
1.078156312625250379e+01 2.861693663683153796e-02 7.626378383791109362e-05
1.082164328657314556e+01 1.316214624850846338e-02 2.970514262776078837e-04
1.086172344689378733e+01 -6.561391078906299648e-03 6.927429715782001517e-04
1.090180360721442909e+01 -3.028352154873617530e-02 1.238275457387168557e-03
1.094188376753506908e+01 -5.767827088180405709e-02 1.857898605400252253e-03
1.098196392785571085e+01 -8.836959538799366021e-02 2.442864979862272370e-03
1.102204408817635262e+01 -1.219380419218841910e-01 2.880677774104278398e-03
1.106212424849699438e+01 -1.579282159029644084e-01 3.085953360870524222e-03
1.110220440881763437e+01 -1.958568813069744563e-01 3.023044165863407549e-03
1.114228456913827614e+01 -2.352213866176653678e-01 2.713537026450888595e-03
1.118236472945891791e+01 -2.755082748185326280e-01 2.227253960590022241e-03
1.122244488977955790e+01 -3.162018274386381167e-01 1.660715292678156341e-03
1.126252505010019966e+01 -3.567922506722004394e-01 1.110738685506501610e-03
1.130260521042084143e+01 -3.967835198159930243e-01 6.515360603544191392e-04
1.134268537074148320e+01 -4.357003545273637202e-01 3.216396779482579992e-04
1.138276553106212319e+01 -4.730946821581754058e-01 1.229089323102486656e-04
1.142284569138276495e+01 -5.085508644832444913e-01 2.979217809552986551e-05
1.146292585170340672e+01 -5.416903247285292933e-01 3.937473956262161743e-06
1.150300601202404849e+01 -5.721747875633909075e-01 8.499958786862899711e-06
1.154308617234468848e+01 -5.997088887921622202e-01 1.769859854485352805e-05
1.158316633266533024e+01 -6.240414848032458384e-01 1.978621784618857422e-05
1.162324649298597201e+01 -6.449663395653907338e-01 1.430831832690727273e-05
1.166332665330661200e+01 -6.623218008337904417e-01 6.378087740360024545e-06
1.170340681362725377e+01 -6.759898940749758944e-01 1.087465548278839362e-06
1.174348697394789554e+01 -6.858948176394648044e-01 2.950596488880853421e-07
1.178356713426853730e+01 -6.920009356054395155e-01 2.419459144525729957e-06
1.182364729458917729e+01 -6.943105991047671122e-01 4.387973278743461156e-06
1.186372745490981906e+01 -6.928615997780007696e-01 4.102607076921870163e-06
1.190380761523046083e+01 -6.877247895274671841e-01 1.918619709777931960e-06
1.194388777555110259e+01 -6.790015185253034380e-01 4.421258657761244158e-07
1.198396793587174258e+01 -6.668214276254712525e-01 2.947556326078348561e-06
1.202404809619238435e+01 -6.513402595747257440e-01 1.140062308072526056e-05
1.206412825651302612e+01 -6.327380540786405883e-01 2.516883582915533881e-05
1.210420841683366611e+01 -6.112175254733862584e-01 4.104857415705037861e-05
1.214428857715430787e+01 -5.870027161926711923e-01 5.453678209322621490e-05
1.218436873747494964e+01 -5.603379190489650163e-01 6.167244248960157505e-05
1.222444889779559141e+01 -5.314866689631408958e-01 6.057543816921936135e-05
1.226452905811623140e+01 -5.007309908657102682e-01 5.202298697008877050e-05
1.230460921843687316e+01 -4.683704635737927502e-01 3.891137508199644826e-05
1.234468937875751493e+01 -4.347214298279918343e-01 2.496113413677058306e-05
1.238476953907815670e+01 -4.001157797817775919e-01 1.330017852315963211e-05
1.242484969939879669e+01 -3.648996947788377132e-01 5.531504333884042194e-06
1.246492985971943845e+01 -3.294317930120601035e-01 1.578782834800859715e-06
1.250501002004008022e+01 -2.940810100014236705e-01 2.318718908986546006e-07
1.254509018036072021e+01 -2.592238299250039235e-01 2.503478580975276719e-08
1.258517034068136198e+01 -2.252410406158300848e-01 1.636963708705252780e-08
1.262525050100200374e+01 -1.925139243958333413e-01 1.703131589191825935e-07
1.266533066132264551e+01 -1.614198439591043865e-01 1.286729500396643051e-06
1.270541082164328550e+01 -1.323274761648412789e-01 4.636579106611743305e-06
1.274549098196392727e+01 -1.055914371220727649e-01 1.156576334124951408e-05
1.278557114228456904e+01 -8.154687396803923793e-02 2.329578678471068195e-05
1.282565130260520903e+01 -6.050358342646874193e-02 4.103817603663443642e-05
1.286573146292585079e+01 -4.274047913371751412e-02 6.641990532306666479e-05
1.290581162324649256e+01 -2.849985028296157449e-02 1.021663981403412224e-04
1.294589178356713433e+01 -1.798235217480394221e-02 1.530061185100440549e-04
1.298597194388777432e+01 -1.134214689357213555e-02 2.268320856761043940e-04
1.302605210420841608e+01 -8.683091755047608190e-03 3.362214312088482966e-04
1.306613226452905785e+01 -1.005547429021925315e-02 5.004250785576717410e-04
1.310621242484969962e+01 -1.545398520089548422e-02 7.479130257271631365e-04
1.314629258517033961e+01 -2.481659974236253424e-02 1.119470282199763137e-03
1.318637274549098137e+01 -3.802473030827564077e-02 1.671787171032850308e-03
1.322645290581162314e+01 -5.490453260466038321e-02 2.481430250022052721e-03
1.326653306613226313e+01 -7.522937142695351742e-02 3.649092378733819961e-03
1.330661322645290490e+01 -9.872348879087232409e-02 5.304011759414311786e-03
1.334669338677354666e+01 -1.250666171484275946e-01 7.608424201749453865e-03
1.338677354709418843e+01 -1.538996207129749993e-01 1.076179332896218428e-02
1.342685370741482842e+01 -1.848307905640078630e-01 1.500433609069088195e-02
1.346693386773547019e+01 -2.174428158811748946e-01 2.061906207250581782e-02
1.350701402805611195e+01 -2.513000638170410639e-01 2.793111826222799757e-02
1.354709418837675372e+01 -2.859560912411484024e-01 3.730299601451470687e-02
1.358717434869739371e+01 -3.209610957348079663e-01 4.912375323524070803e-02
1.362725450901803548e+01 -3.558691634306208607e-01 6.379074690149391658e-02
1.366733466933867724e+01 -3.902450982934034807e-01 8.168233042548884992e-02
1.370741482965931723e+01 -4.236707136109774119e-01 1.031213578832416156e-01
1.374749498997995900e+01 -4.557503994324454966e-01 1.283298944510150863e-01
1.378757515030060077e+01 -4.861159737963041128e-01 1.573778956720275346e-01
1.382765531062124253e+01 -5.144306003415177742e-01 1.901295768406808528e-01
1.386773547094188253e+01 -5.403919717567957637e-01 2.261936352720891608e-01
1.390781563126252429e+01 -5.637344869383088541e-01 2.648840253392785726e-01
1.394789579158316606e+01 -5.842307932637248458e-01 3.051991901590932477e-01
1.398797595190380783e+01 -6.016924056888355299e-01 3.458265740994461712e-01
1.402805611222444782e+01 -6.159698460096563188e-01 3.851784274801004493e-01
1.406813627254508958e+01 -6.269520785960859266e-01 4.214613849277780711e-01
1.410821643286573135e+01 -6.345656195542036526e-01 4.527798653131586137e-01
1.414829659318637134e+01 -6.387732473320965054e-01 4.772676683294883593e-01
1.418837675350701311e+01 -6.395724964362308196e-01 4.932395440223827920e-01
1.422845691382765487e+01 -6.369940751018926539e-01 4.993484140752249556e-01
1.426853707414829664e+01 -6.311001134818966518e-01 4.947330891392341945e-01
1.430861723446893663e+01 -6.219826080371579913e-01 4.791375765447333790e-01
1.434869739478957840e+01 -6.097616868127520018e-01 4.529856594613021481e-01
1.438877755511022016e+01 -5.945842399006855405e-01 4.173957723989684121e-01
1.442885771543086193e+01 -5.766223272301923553e-01 3.741276870618728267e-01
1.446893787575150192e+01 -5.560719892267002029e-01 3.254597825898666308e-01
1.450901803607214369e+01 -5.331517872288574766e-01 2.740044101838490787e-01
1.454909819639278545e+01 -5.081016565804000740e-01 2.224790028906795947e-01
1.458917835671342544e+01 -4.811814570598637597e-01 1.734575640270820673e-01
1.462925851703406721e+01 -4.526696601134805320e-01 1.291334676813520321e-01
1.466933867735470898e+01 -4.228617090578966620e-01 9.112493081297240449e-02
1.470941883767535074e+01 -3.920683231516065015e-01 6.035065302319082836e-02
1.474949899799599073e+01 -3.606134491654876539e-01 3.699473792217693180e-02
1.478957915831663250e+01 -3.288319974209285568e-01 2.056588449045168229e-02
1.482965931863727427e+01 -2.970672066087582941e-01 1.004239109197250374e-02
1.486973947895791603e+01 -2.656676988746928259e-01 4.078425745971086223e-03
1.490981963927855602e+01 -2.349841648033877406e-01 1.237754270689811909e-03
1.494989979959919779e+01 -2.053657271357542946e-01 2.148037998386126966e-04
1.498997995991983956e+01 -1.771559702400754832e-01 6.319672624399098670e-06
1.503006012024047955e+01 -1.506887236282488940e-01 5.936240080337377176e-06
1.507014028056112132e+01 -1.262835952908971660e-01 9.668957715964304780e-06
1.511022044088176308e+01 -1.042414134824320437e-01 1.381745857053999201e-04
1.515030060120240485e+01 -8.483955811380422540e-02 6.985254379254704883e-04
1.519038076152304484e+01 -6.832741602681723092e-02 2.020224136175045350e-03
1.523046092184368661e+01 -5.492191780723475886e-02 4.304498424159321733e-03
1.527054108216432837e+01 -4.480344951406244752e-02 7.521568709400837729e-03
1.531062124248497014e+01 -3.811207045021609841e-02 1.137828453398244573e-02
1.535070140280561013e+01 -3.494436353420492941e-02 1.536126743809069703e-02
1.539078156312625190e+01 -3.535081449630355505e-02 1.884255656711165960e-02
1.543086172344689366e+01 -3.933405367432536714e-02 2.121964870643520615e-02
1.547094188376753365e+01 -4.684780962753377909e-02 2.205441727183650100e-02
1.551102204408817542e+01 -5.779688948278566968e-02 2.117589089386429785e-02
1.555110220440881719e+01 -7.203797776228640370e-02 1.872196703720200098e-02
1.559118236472945895e+01 -8.938152760994187707e-02 1.511046035476281378e-02
1.563126252505009894e+01 -1.095944717002688418e-01 1.094752887215813542e-02
1.567134268537074071e+01 -1.324039730897230149e-01 6.897122294793399215e-03
1.571142284569138248e+01 -1.575018773091406421e-01 3.543129725655451857e-03
1.575150300601202424e+01 -1.845500310685333767e-01 1.277404934696734938e-03
1.579158316633266423e+01 -2.131860721629899036e-01 2.378615228233460499e-04
1.583166332665330600e+01 -2.430298049097162350e-01 3.081047208748511484e-04
1.587174348697394777e+01 -2.736897405949555995e-01 1.173479202902897667e-03
1.591182364729458776e+01 -3.047698597688214273e-01 2.415291136500398190e-03
1.595190380761522952e+01 -3.358762147583480018e-01 3.616839909594414277e-03
1.599198396793587129e+01 -3.666233495074256998e-01 4.454481035078034813e-03
1.603206412825651128e+01 -3.966402721900368356e-01 4.753557819981991429e-03
1.607214428857715305e+01 -4.255758610912425688e-01 4.500227001857705703e-03
1.611222444889779482e+01 -4.531036247924480342e-01 3.812805684830951770e-03
1.615230460921843658e+01 -4.789255825601965721e-01 2.886145045142082897e-03
1.619238476953907835e+01 -5.027754352750499756e-01 1.928007375066310720e-03
1.623246492985972012e+01 -5.244206519656138266e-01 1.105244728423880260e-03
1.627254509018035833e+01 -5.436639349253463704e-01 5.124163605710169676e-04
1.631262525050100010e+01 -5.603435288133681302e-01 1.665800070417641386e-04
1.635270541082164186e+01 -5.743331279822541102e-01 2.427937824282998689e-05
1.639278557114228363e+01 -5.855406970367953434e-01 1.078642940227860132e-05
1.643286573146292540e+01 -5.939071857689494083e-01 5.025211559485323490e-05
1.647294589178356716e+01 -5.994043562999611385e-01 8.745395028133165602e-05
1.651302605210420893e+01 -6.020327998103247591e-01 9.658392610060839809e-05
1.655310621242485070e+01 -6.018193631511313813e-01 7.773449360832059745e-05
1.659318637274548891e+01 -5.988149837431959721e-01 4.571530451406532244e-05
1.663326653306613068e+01 -5.930922717402438149e-01 1.735525362954730855e-05
1.667334669338677244e+01 -5.847436073460950956e-01 2.491902156884607334e-06
1.671342685370741421e+01 -5.738792685286084883e-01 1.166179222880927144e-06
1.675350701402805598e+01 -5.606260828029068222e-01 6.479117135766537230e-06
1.679358717434869774e+01 -5.451262620470903597e-01 1.034686555550172861e-05
1.683366733466933951e+01 -5.275366850273157660e-01 8.735356311692822826e-06
1.687374749498997772e+01 -5.080283649331024387e-01 3.861748751320815571e-06
1.691382765531061949e+01 -4.867862219497190446e-01 2.681583522928881767e-06
1.695390781563126126e+01 -4.640089113220499661e-01 1.282747409366594783e-05
1.699398797595190302e+01 -4.399087766760406693e-01 3.822650092917841662e-05
1.703406813627254479e+01 -4.147116482267804716e-01 7.654836219440107131e-05
1.707414829659318656e+01 -3.886565805789211070e-01 1.196085484178756032e-04
1.711422845691382832e+01 -3.619952132266091582e-01 1.563959687501780677e-04
1.715430861723446654e+01 -3.349909044236215605e-01 1.772720730872187785e-04
1.719438877755510831e+01 -3.079173268419734821e-01 1.774555049476894838e-04
1.723446893787575007e+01 -2.810567050443982251e-01 1.584000244933644777e-04
1.727454909819639184e+01 -2.546974725559111308e-01 1.266792238972803389e-04
1.731462925851703361e+01 -2.291314870419224881e-01 9.110082198537859904e-05
1.735470941883767537e+01 -2.046507567641343839e-01 5.944687267673706645e-05
1.739478957915831714e+01 -1.815437189892488146e-01 3.625274839525879450e-05
1.743486973947895891e+01 -1.600912205432217794e-01 2.244769970675595215e-05
1.747494989979959712e+01 -1.405621442728334503e-01 1.682254511925771587e-05
1.751503006012023889e+01 -1.232089876957743330e-01 1.854182061067831424e-05
1.755511022044088065e+01 -1.082632728942757305e-01 2.961633127076995615e-05
1.759519038076152242e+01 -9.593117872480257102e-02 5.644390200446602077e-05
1.763527054108216419e+01 -8.638925353439486088e-02 1.100859682869757741e-04
1.767535070140280595e+01 -7.978060355375883594e-02 2.055890909714179796e-04
1.771543086172344772e+01 -7.621143462998723750e-02 3.610922071495657618e-04
1.775551102204408593e+01 -7.574827700673472664e-02 5.975962539977317444e-04
1.779559118236472770e+01 -7.841581195473276700e-02 9.400376227786499516e-04
1.783567134268536947e+01 -8.419552511390036853e-02 1.419991881926280924e-03
1.787575150300601123e+01 -9.302513626524804013e-02 2.079926552059748780e-03
1.791583166332665300e+01 -1.047989316484810030e-01 2.978718349800895705e-03
1.795591182364729477e+01 -1.193689292573583971e-01 4.197969722407200212e-03
1.799599198396793653e+01 -1.365469601778415143e-01 5.848550231003959120e-03
1.803607214428857475e+01 -1.561074987306713124e-01 8.076593587583315303e-03
1.807615230460921651e+01 -1.777913583086027094e-01 1.106793016680731115e-02
1.811623246492985828e+01 -2.013099254222495416e-01 1.504966107336208614e-02
1.815631262525050005e+01 -2.263501412009022995e-01 2.028757983662613645e-02
1.819639278557114181e+01 -2.525797161913997391e-01 2.707828040436189437e-02
1.823647294589178358e+01 -2.796529165600549205e-01 3.573554994580389194e-02
1.827655310621242535e+01 -3.072162254269540371e-01 4.657132980312949505e-02
1.831663326653306711e+01 -3.349143636502828203e-01 5.987257921504795383e-02
1.835671342685370533e+01 -3.623958221068129260e-01 7.587591146307270940e-02
1.839679358717434710e+01 -3.893185332941543897e-01 9.474212704462457724e-02
1.843687374749498886e+01 -4.153547368523638483e-01 1.165325182266913895e-01
1.847695390781563063e+01 -4.401957818576891501e-01 1.411880976905059704e-01
1.851703406813627240e+01 -4.635559030990129004e-01 1.685122329221285242e-01
1.855711422845691416e+01 -4.851757649239992198e-01 1.981566521543500492e-01
1.859719438877755593e+01 -5.048249026973450349e-01 2.296106028944408517e-01
1.863727454909819414e+01 -5.223038009077984878e-01 2.621937936968627425e-01
1.867735470941883591e+01 -5.374449565071310886e-01 2.950543507966598145e-01
1.871743486973947768e+01 -5.501135006638343539e-01 3.271748504800591206e-01
1.875751503006011944e+01 -5.602070231621111285e-01 3.573900226090545029e-01
1.879759519038076121e+01 -5.676549576746962034e-01 3.844207546400369435e-01
1.883767535070140298e+01 -5.724174605080915024e-01 4.069278429028611033e-01
1.887775551102204474e+01 -5.744839246488124829e-01 4.235876673948015814e-01
1.891783567134268296e+01 -5.738713024835101484e-01 4.331878721053811221e-01
1.895791583166332472e+01 -5.706221807300541071e-01 4.347380367426707526e-01
1.899799599198396649e+01 -5.648029489141954684e-01 4.275842922406165036e-01
1.903807615230460826e+01 -5.565018454408856563e-01 4.115147795592011826e-01
1.907815631262525002e+01 -5.458273013694235898e-01 3.868385679900256946e-01
1.911823647294589179e+01 -5.329062624227320910e-01 3.544230665715548678e-01
1.915831663326653356e+01 -5.178828999781054376e-01 3.156765271534176520e-01
1.919839679358717532e+01 -5.009173478680229996e-01 2.724698769748166716e-01
1.923847695390781354e+01 -4.821848036467773491e-01 2.269999394554104433e-01
1.927855711422845530e+01 -4.618746296959351794e-01 1.816053619814564923e-01
1.931863727454909707e+01 -4.401897086557063354e-01 1.385555622734840620e-01
1.935871743486973884e+01 -4.173456906684948065e-01 9.983807573591292617e-02
1.939879759519038060e+01 -3.935703507418350511e-01 6.697260705799108760e-02
1.943887775551102237e+01 -3.691026653677211278e-01 4.087730725667428067e-02
1.947895791583166414e+01 -3.441918676273039712e-01 2.180634261544141250e-02
1.951903807615230235e+01 -3.190960303214309679e-01 9.368398884041841471e-03
1.955911823647294412e+01 -2.940805431134015380e-01 2.623499590656333362e-03
1.959919839679358589e+01 -2.694159628736783607e-01 2.448723956356210893e-04
1.963927855711422765e+01 -2.453757424398500253e-01 7.221762197599236295e-04
1.967935871743486942e+01 -2.222332619141271781e-01 2.576846837604589678e-03
1.971943887775551119e+01 -2.002587971867223482e-01 4.558146710391331596e-03
1.975951903807615295e+01 -1.797158342873788062e-01 5.791654182034700928e-03
1.979959919839679117e+01 -1.608574431279270744e-01 5.859345344199082609e-03
1.983967935871743293e+01 -1.439221596305596262e-01 4.801134021458544447e-03
1.987975951903807470e+01 -1.291300892836076408e-01 3.040392289032624491e-03
1.991983967935871647e+01 -1.166787799111435181e-01 1.248416421963510162e-03
1.995991983967935823e+01 -1.067394898752472426e-01 1.729024725490246829e-04
2.000000000000000000e+01 -9.945353774639788258e-02 4.617465295123303792e-04
