# time correlation overlap_with_initial
0.000000000000000000e+00 -1.000000000000000000e+00 1.000000000000000000e+00
4.008016032064128098e-02 -9.967708543168793955e-01 9.855841910225029423e-01
8.016032064128256196e-02 -9.871042947361803321e-01 9.435270648695396334e-01
1.202404809619238429e-01 -9.710633147159496437e-01 8.772432574934285743e-01
1.603206412825651239e-01 -9.487543458219921400e-01 7.919309037323679634e-01
2.004008016032063910e-01 -9.203283600192059266e-01 6.939185433767818267e-01
2.404809619238476859e-01 -8.859832171963257785e-01 5.899159163415862439e-01
2.805611222444889807e-01 -8.459655308449912647e-01 4.862823341180000369e-01
3.206412825651302478e-01 -8.005734646501081464e-01 3.884242029840189181e-01
3.607214428857715149e-01 -7.501587160555559519e-01 3.003904736080633131e-01
4.008016032064127820e-01 -6.951286796272304613e-01 2.247006124852405362e-01
4.408817635270541047e-01 -6.359478003053699036e-01 1.623906450741799401e-01
4.809619238476953718e-01 -5.731379891131838100e-01 1.132322452237906896e-01
5.210420841683366389e-01 -5.072784856584602320e-01 7.605792361743897445e-02
5.611222444889779615e-01 -4.390035011468629844e-01 4.912226180223773497e-02
6.012024048096191731e-01 -3.689997931284738630e-01 3.043857835508353982e-02
6.412825651302604957e-01 -2.980007922940444698e-01 1.804947730846124393e-02
6.813627254509018183e-01 -2.267813325938119184e-01 1.021105150786720192e-02
7.214428857715430299e-01 -1.561479804257231985e-01 5.491027939856470315e-03
7.615230460921843525e-01 -8.693076285888119703e-02 2.794421890062813441e-03
8.016032064128255641e-01 -1.997001280699833153e-02 1.338563162422298780e-03
8.416833667334668867e-01 4.389455258137638094e-02 5.994825881811130042e-04
8.817635270541082093e-01 1.038395166491638960e-01 2.489007535064563731e-04
9.218436873747494209e-01 1.590704456375137688e-01 9.476041282790436944e-05
9.619238476953907435e-01 2.088385798126256021e-01 3.260365256657214890e-05
1.002004008016031955e+00 2.524539255596996989e-01 9.936837513673597351e-06
1.042084168336673278e+00 2.893010560386356511e-01 2.606357554623896644e-06
1.082164328657314600e+00 3.188509766365462128e-01 5.627611164424983924e-07
1.122244488977955923e+00 3.406740647904190067e-01 9.275449354481548233e-08
1.162324649298597246e+00 3.544490399629621757e-01 1.004306317950824935e-08
1.202404809619238346e+00 3.599713517426594844e-01 4.709565972490445547e-10
1.242484969939879669e+00 3.571578327467755942e-01 8.759568584915762202e-14
1.282565130260520991e+00 3.460494574968986381e-01 3.526150396092124241e-12
1.322645290581162314e+00 3.268107524145758003e-01 4.371472290267147663e-14
1.362725450901803637e+00 2.997266894449302499e-01 1.176741942490383699e-15
1.402805611222444737e+00 2.651966173358885626e-01 1.261967479618337455e-12
1.442885771543086060e+00 2.237259096323498675e-01 3.605846400426115520e-12
1.482965931863727382e+00 1.759149771619933356e-01 1.617229566288175515e-12
1.523046092184368705e+00 1.224470007960845597e-01 6.190979748231517736e-13
1.563126252505010028e+00 6.407329400639175110e-02 1.150495731820161939e-11
1.603206412825651128e+00 1.598915148567168348e-03 2.917437416669532334e-11
1.643286573146292451e+00 -6.413388269508812911e-02 3.425293277471585248e-11
1.683366733466933773e+00 -1.322602204492092093e-01 1.885456869415667555e-11
1.723446893787575096e+00 -2.019091683133278359e-01 1.283621124148802049e-12
1.763527054108216419e+00 -2.722167419528522259e-01 9.646273603187226572e-12
1.803607214428857741e+00 -3.423407870407669806e-01 5.234587436430319707e-11
1.843687374749498842e+00 -4.114711067245739318e-01 1.069459587348006642e-10
1.883767535070140164e+00 -4.788413714507627761e-01 1.380065076602360003e-10
1.923847695390781487e+00 -5.437357001240032961e-01 1.258322796922376993e-10
1.963927855711422810e+00 -6.054968960167335101e-01 8.044783629917793649e-11
2.004008016032063910e+00 -6.635294522154673302e-01 3.111693468274528006e-11
2.044088176352705233e+00 -7.173040294867840672e-01 3.303218683863520343e-12
2.084168336673346555e+00 -7.663574124074521432e-01 2.778350825029374042e-12
2.124248496993987878e+00 -8.102936808265607249e-01 1.700635624996740684e-11
2.164328657314629201e+00 -8.487820180991628716e-01 2.874069118158219426e-11
2.204408817635270523e+00 -8.815554091271027293e-01 2.889287063236465901e-11
2.244488977955911846e+00 -9.084073484924785058e-01 1.969904965229659221e-11
2.284569138276553169e+00 -9.291891012590087762e-01 8.911113813871301638e-12
2.324649298597194491e+00 -9.438062654888305092e-01 2.209965109202877192e-12
2.364729458917835370e+00 -9.522156645069338454e-01 1.167028164392112922e-13
2.404809619238476692e+00 -9.544224607442658437e-01 1.067672467949125912e-13
2.444889779559118015e+00 -9.504775624178070093e-01 1.549843990723208330e-13
2.484969939879759337e+00 -9.404756835697797301e-01 1.878336032308746031e-14
2.525050100200400660e+00 -9.245538103168344790e-01 1.387603529598694370e-14
2.565130260521041983e+00 -9.028902655376401798e-01 3.770057521415461033e-15
2.605210420841683305e+00 -8.757043891372903177e-01 1.028264074264755820e-12
2.645290581162324628e+00 -8.432563392651568623e-01 8.933538749950943509e-12
2.685370741482965951e+00 -8.058477618373444118e-01 3.650887322472468129e-11
2.725450901803607273e+00 -7.638217931897999247e-01 1.006784705679306317e-10
2.765531062124248596e+00 -7.175641783492890946e-01 2.144547501289762068e-10
2.805611222444889474e+00 -6.675027734281104852e-01 3.773185630282282361e-10
2.845691382765530797e+00 -6.141083611086660676e-01 5.694019687430123145e-10
2.885771543086172120e+00 -5.578929136313564019e-01 7.531752336528146213e-10
2.925851703406813442e+00 -4.994092770294135675e-01 8.820988250597648557e-10
2.965931863727454765e+00 -4.392475612235274274e-01 9.123406623571206577e-10
3.006012024048096087e+00 -3.780329634896275603e-01 8.134885116200686235e-10
3.046092184368737410e+00 -3.164206673427523708e-01 5.794972148763611236e-10
3.086172344689378733e+00 -2.550884683510561413e-01 2.531173229646772034e-10
3.126252505010020055e+00 -1.947316714491264811e-01 6.161865679431227346e-12
3.166332665330661378e+00 -1.360552644718710236e-01 3.765889944274810626e-10
3.206412825651302256e+00 -7.976273663549390824e-02 2.912644203284195386e-09
3.246492985971943579e+00 -2.654678633065834722e-02 1.180849276938238990e-08
3.286573146292584902e+00 2.292127750488075211e-02 3.783767629057729327e-08
3.326653306613226224e+00 6.800255552961541328e-02 1.073577482404020455e-07
3.366733466933867547e+00 1.081028589524512529e-01 2.819888656551606730e-07
3.406813627254508869e+00 1.426839816201364575e-01 6.997452512480350506e-07
3.446893787575150192e+00 1.712736675140369702e-01 1.657349302240087793e-06
3.486973947895791515e+00 1.934753149044368126e-01 3.768321286007137010e-06
3.527054108216432837e+00 2.089774619183315529e-01 8.254974584615265966e-06
3.567134268537074160e+00 2.175607972402153756e-01 1.746752393988133584e-05
3.607214428857715482e+00 2.191031640756584131e-01 3.577277634123680964e-05
3.647294589178356361e+00 2.135835065561263735e-01 7.102129731318352279e-05
3.687374749498997684e+00 2.010828040807274286e-01 1.368805360858781398e-04
3.727454909819639006e+00 1.817835415749577410e-01 2.564106699377082747e-04
3.767535070140280329e+00 1.559665111594180920e-01 4.673364052666757946e-04
3.807615230460921651e+00 1.240057025118369294e-01 8.295133677115709746e-04
3.847695390781562974e+00 8.636130599664307295e-02 1.435056527775647713e-03
3.887775551102204297e+00 4.357057693156050210e-02 2.421434181265078554e-03
3.927855711422845619e+00 -3.762135773489313616e-03 3.987506838338878389e-03
3.967935871743486942e+00 -5.497743305309876066e-02 6.411876454807725716e-03
4.008016032064127820e+00 -1.093726457549802494e-01 1.007214020767683432e-02
4.048096192384769587e+00 -1.662152890005066941e-01 1.546244848093454582e-02
4.088176352705410466e+00 -2.247553449290038974e-01 2.320570816494942415e-02
4.128256513026052232e+00 -2.842385052920026189e-01 3.405534578462503237e-02
4.168336673346693111e+00 -3.439177263434448628e-01 4.888099678138058124e-02
4.208416833667334878e+00 -4.030647869343695899e-01 6.863197049713282150e-02
4.248496993987975756e+00 -4.609801171276354803e-01 9.427369170967671297e-02
4.288577154308616635e+00 -5.170016281645329892e-01 1.266943244601144158e-01
4.328657314629258401e+00 -5.705121371677082109e-01 1.665831549166568726e-01
4.368737474949899280e+00 -6.209449825375565890e-01 2.142874618673843157e-01
4.408817635270541047e+00 -6.677887790547487601e-01 2.696612641862823900e-01
4.448897795591181925e+00 -7.105898762631479570e-01 3.319252713741792093e-01
4.488977955911823692e+00 -7.489545915706444790e-01 3.995626865210583079e-01
4.529058116232464570e+00 -7.825490211427524878e-01 4.702763812728340542e-01
4.569138276553106337e+00 -8.110992261353069388e-01 5.410319255107243208e-01
4.609218436873747216e+00 -8.343892038256782717e-01 6.082006177002666769e-01
4.649298597194388982e+00 -8.522596943042127782e-01 6.678074256825818900e-01
4.689378757515029861e+00 -8.646052318564402261e-01 7.158670837620736416e-01
4.729458917835670739e+00 -8.713722794760300205e-01 7.487799501791903012e-01
4.769539078156312506e+00 -8.725562108131582617e-01 7.637363634854948957e-01
4.809619238476953385e+00 -8.681993808168408933e-01 7.590762427220847375e-01
4.849699398797595151e+00 -8.583886701881690007e-01 7.345426452093689607e-01
4.889779559118236030e+00 -8.432538982919661752e-01 6.913845009592277657e-01
4.929859719438877796e+00 -8.229662472134245954e-01 6.322795606015588765e-01
4.969939879759518675e+00 -7.977371672249259360e-01 5.610782828633915642e-01
5.010020040080160442e+00 -7.678176464091748255e-01 4.823999657228336124e-01
5.050100200400801320e+00 -7.334975028142017850e-01 4.011354283637348361e-01
5.090180360721443087e+00 -6.951051371283701874e-01 3.219325990299898299e-01
5.130260521042083965e+00 -6.530068972794247362e-01 2.487382333155500336e-01
5.170340681362724844e+00 -6.076067030142221492e-01 1.844644584949577670e-01
5.210420841683366611e+00 -5.593450330134318582e-01 1.308191713270034362e-01
5.250501002004007489e+00 -5.086977026734202934e-01 8.831317892557909166e-02
5.290581162324649256e+00 -4.561739630349621044e-01 5.642222678260497976e-02
5.330661322645290134e+00 -4.023137701185302562e-01 3.385879543164368316e-02
5.370741482965931901e+00 -3.476845386514123559e-01 1.889378117408716667e-02
5.410821643286572780e+00 -2.928764287950057499e-01 9.668060343252753500e-03
5.450901803607214546e+00 -2.384974722107914280e-01 4.445650607592611415e-03
5.490981963927855425e+00 -1.851667027022209644e-01 1.780152184835206508e-03
5.531062124248497192e+00 -1.335076382270109496e-01 5.883247114195348142e-04
5.571142284569138070e+00 -8.413945638907022184e-02 1.443073806850500107e-04
5.611222444889778949e+00 -3.766913123408750785e-02 1.988836157244716391e-05
5.651302605210420715e+00 5.318755124423563130e-03 2.930551689147143737e-07
5.691382765531061594e+00 4.427061158687649323e-02 7.357036031642185628e-07
5.731462925851703361e+00 7.867446063116666222e-02 3.857668384903080496e-07
5.771543086172344239e+00 1.080684159451589244e-01 1.757711748755326830e-07
5.811623246492986006e+00 1.320505900975959823e-01 2.518739443633652382e-06
5.851703406813626884e+00 1.502864594050095648e-01 6.120019018939792389e-06
5.891783567134268651e+00 1.625168601772666865e-01 8.004787441209144791e-06
5.931863727454909530e+00 1.685632639662150711e-01 6.661209778020694244e-06
5.971943887775551296e+00 1.683328165386734077e-01 3.225103698280089988e-06
6.012024048096192175e+00 1.618207183044973185e-01 4.124894601260952634e-07
6.052104208416833053e+00 1.491115995372700731e-01 4.870066114928142570e-07
6.092184368737474820e+00 1.303785084154845952e-01 3.788573066133565609e-06
6.132264529058115698e+00 1.058803969659524030e-01 8.633242320459816896e-06
6.172344689378757465e+00 7.595761514998757014e-02 1.242860194223682570e-05
6.212424849699398344e+00 4.102582093669846636e-02 1.319582944415259766e-05
6.252505010020040110e+00 1.568313786942533488e-03 1.060798487757556143e-05
6.292585170340680989e+00 -4.187284496483548862e-02 6.058788330770935649e-06
6.332665330661322756e+00 -8.870690709820271136e-02 1.850742406791645893e-06
6.372745490981963634e+00 -1.383049921653846381e-01 2.289612024386847222e-08
6.412825651302604513e+00 -1.900115113170355030e-01 1.432520233709688319e-06
6.452905811623246279e+00 -2.431551362632564939e-01 5.488329661394079914e-06
6.492985971943887158e+00 -2.970603780022947893e-01 1.056082114847767896e-05
6.533066132264528925e+00 -3.510577621064130405e-01 1.477901990199235538e-05
6.573146292585169803e+00 -4.044944253202424345e-01 1.680033937174542255e-05
6.613226452905811570e+00 -4.567425226007549299e-01 1.622861607669493655e-05
6.653306613226452448e+00 -5.072079326526126586e-01 1.357440771362400528e-05
6.693386773547094215e+00 -5.553362844770015627e-01 9.873920912449842333e-06
6.733466933867735094e+00 -6.006192110802724970e-01 6.199649972228389214e-06
6.773547094188376860e+00 -6.425978016651570091e-01 3.290403176879852466e-06
6.813627254509017739e+00 -6.808662412653168072e-01 1.413735658199860684e-06
6.853707414829658617e+00 -7.150728912496786549e-01 4.486471659299443671e-07
6.893787575150300384e+00 -7.449215286514425660e-01 8.256665305000784517e-08
6.933867735470941263e+00 -7.701705650801173864e-01 3.075012448227923600e-09
6.973947895791583029e+00 -7.906323915398095759e-01 6.186494729082358899e-09
7.014028056112223908e+00 -8.061714191394373508e-01 8.935343271251148074e-09
7.054108216432865675e+00 -8.167022038574401899e-01 2.995715817584747240e-09
7.094188376753506553e+00 -8.221870126510317789e-01 2.644047202495184084e-11
7.134268537074148320e+00 -8.226334377943925746e-01 2.265517508069747697e-09
7.174348697394789198e+00 -8.180920680982809445e-01 2.949834448596831720e-09
7.214428857715430965e+00 -8.086542106267089469e-01 2.168641317159895484e-10
7.254509018036071843e+00 -7.944500290374794105e-01 4.922912479533335507e-09
7.294589178356712722e+00 -7.756467771625715768e-01 3.388444002072981667e-08
7.334669338677354489e+00 -7.524475164297280694e-01 9.438568072987913161e-08
7.374749498997995367e+00 -7.250899879793996083e-01 1.730260743062576867e-07
7.414829659318637134e+00 -6.938457664757508025e-01 2.385815599203274496e-07
7.454909819639278012e+00 -6.590196212438462764e-01 2.582998893299735409e-07
7.494989979959919779e+00 -6.209487474929872297e-01 2.178667430979154690e-07
7.535070140280560658e+00 -5.800022419326386069e-01 1.327299725297120406e-07
7.575150300601202424e+00 -5.365799144648503161e-01 4.392083995289132491e-08
7.615230460921843303e+00 -4.911113679081423045e-01 6.702858439033406606e-10
7.655310621242485070e+00 -4.440538615223882934e-01 3.936485830921634210e-08
7.695390781563125948e+00 -3.958904611140625640e-01 1.698031561751309029e-07
7.735470941883766827e+00 -3.471265120005349591e-01 3.750396996627202408e-07
7.775551102204408593e+00 -2.982864207975532977e-01 6.237649521270449748e-07
7.815631262525049472e+00 -2.499084922849789114e-01 8.886644101094831651e-07
7.855711422845691239e+00 -2.025401051510131167e-01 1.163147419875871339e-06
7.895791583166332117e+00 -1.567309476841834692e-01 1.472954733173975413e-06
7.935871743486973884e+00 -1.130266268257788392e-01 1.885665523761875625e-06
7.975951903807614762e+00 -7.196065709765131491e-02 2.527565508613530082e-06
8.016032064128255641e+00 -3.404685157445553473e-02 3.621665015113813938e-06
8.056112224448897408e+00 2.292820156634465915e-04 5.562949297604385243e-06
8.096192384769539174e+00 3.041871898564157614e-02 9.049548459299221220e-06
8.136272545090179165e+00 5.611726050123941323e-02 1.529384531406806233e-05
8.176352705410820931e+00 7.697338348410096009e-02 2.634864102458067176e-05
8.216432865731462698e+00 9.269539680217388222e-02 4.560135768614827077e-05
8.256513026052104465e+00 1.030579585417321503e-01 7.851473067399090359e-05
8.296593186372744455e+00 1.079071708506712940e-01 1.337233212989437023e-04
8.336673346693386222e+00 1.071648322139848453e-01 2.246309708778451285e-04
8.376753507014027988e+00 1.008307823683805837e-01 3.716873513939769526e-04
8.416833667334669755e+00 8.898419127754045310e-02 6.055498990208492329e-04
8.456913827655309746e+00 7.178277366002155935e-02 9.713446556681116714e-04
8.496993987975951512e+00 4.946077807665704568e-02 1.534216350782125707e-03
8.537074148296593279e+00 2.232507265357980969e-02 2.386289478370856153e-03
8.577154308617233269e+00 -9.250070722535032666e-03 3.655013228266790811e-03
8.617234468937875036e+00 -4.482962610517136903e-02 5.512663760435731856e-03
8.657314629258516803e+00 -8.392571092854159143e-02 8.186420536230511191e-03
8.697394789579158569e+00 -1.260062436574287126e-01 1.196809674170508722e-02
8.737474949899798560e+00 -1.705046488753453882e-01 1.722201206390470626e-02
8.777555110220440326e+00 -2.168295758395157036e-01 2.438915224337986562e-02
8.817635270541082093e+00 -2.643753241915968721e-01 3.398506233928646342e-02
8.857715430861723860e+00 -3.125316057562905758e-01 4.658892389637430548e-02
8.897795591182363850e+00 -3.606935625091642894e-01 6.282084040173488426e-02
8.937875751503005617e+00 -4.082706376724318242e-01 8.330526086047849998e-02
8.977955911823647384e+00 -4.546951897463867853e-01 1.086188879349098829e-01
9.018036072144287374e+00 -4.994297517775880824e-01 1.392236905050580620e-01
9.058116232464929141e+00 -5.419735254046401662e-01 1.753872890529802886e-01
9.098196392785570907e+00 -5.818675915809261578e-01 2.170964378216265478e-01
9.138276553106212674e+00 -6.186989554105191136e-01 2.639717203751186791e-01
9.178356713426852664e+00 -6.521035745420361573e-01 3.151949209157518528e-01
9.218436873747494431e+00 -6.817680177616268766e-01 3.694617684146661585e-01
9.258517034068136198e+00 -7.074304772174521139e-01 4.249738404610101661e-01
9.298597194388777964e+00 -7.288804249579643457e-01 4.794807007613553496e-01
9.338677354709417955e+00 -7.459580148403688327e-01 5.303805341521643513e-01
9.378757515030059722e+00 -7.585523326316228054e-01 5.748791619984136014e-01
9.418837675350701488e+00 -7.665997326386464472e-01 6.102014444735597287e-01
9.458917835671341479e+00 -7.700813564547378531e-01 6.338367993530402700e-01
9.498997995991983245e+00 -7.690209731520297742e-01 6.437958408160187052e-01
9.539078156312625012e+00 -7.634823895670745930e-01 6.388449201483796802e-01
9.579158316633266779e+00 -7.535672780941674587e-01 6.186874645191651201e-01
9.619238476953906769e+00 -7.394129397468875986e-01 5.840600896240619733e-01
9.659318637274548536e+00 -7.211904352352186409e-01 5.367230613446209997e-01
9.699398797595190302e+00 -6.991029290721710865e-01 4.793360062755130380e-01
9.739478957915832069e+00 -6.733842256694062556e-01 4.152264656195817083e-01
9.779559118236472059e+00 -6.442976651492443585e-01 3.480769760976589744e-01
9.819639278557113826e+00 -6.121349507528951461e-01 2.815675375116669099e-01
9.859719438877755593e+00 -5.772153323125018831e-01 2.190233257249225851e-01
9.899799599198395583e+00 -5.398844373971118937e-01 1.631132727785221115e-01
9.939879759519037350e+00 -5.005133081391384131e-01 1.156433884863848766e-01
9.979959919839679117e+00 -4.594968507130545721e-01 7.746856101732586819e-02
1.002004008016032088e+01 -4.172522191895516874e-01 4.853147017120372497e-02
1.006012024048096087e+01 -3.742164898581135102e-01 2.801273615838929809e-02
1.010020040080160264e+01 -3.308439364242803382e-01 1.456093107792783524e-02
1.014028056112224441e+01 -2.876026154437111848e-01 6.558110480923316603e-03
1.018036072144288617e+01 -2.449702425009382956e-01 2.374755760389141070e-03
1.022044088176352616e+01 -2.034295462357477435e-01 5.742047536452122430e-04
1.026052104208416793e+01 -1.634626970368678045e-01 4.081720459873378743e-05
1.030060120240480970e+01 -1.255455233543857074e-01 2.404702194347289933e-05
1.034068136272544969e+01 -9.014072975057063619e-02 1.084360320190008031e-04
1.038076152304609145e+01 -5.769132490180436251e-02 1.329880004014507720e-04
1.042084168336673322e+01 -2.861314649561793461e-02 8.983152211955226535e-05
1.046092184368737499e+01 -3.288077766658331364e-03 3.063106552286709892e-05
1.050100200400801498e+01 1.794337960602413948e-02 9.418603658033781845e-07
1.054108216432865675e+01 3.478836967512351219e-02 1.084098137153774429e-05
1.058116232464929851e+01 4.700820002602135173e-02 3.797425010292118094e-05
1.062124248496994028e+01 5.442330992138495749e-02 5.039487085013790460e-05
1.066132264529058027e+01 5.691803216038206908e-02 3.308892339065322549e-05
1.070140280561122204e+01 5.444356667047339088e-02 4.333732357830664951e-06
1.074148296593186380e+01 4.702029765122871241e-02 1.455698010103412383e-05
1.078156312625250379e+01 3.473827041801463844e-02 1.284833955348658834e-04
1.082164328657314556e+01 1.775665782642246379e-02 3.982049513540963427e-04
1.086172344689378733e+01 -3.698475942944432285e-03 8.381291491318972183e-04
1.090180360721442909e+01 -2.933760144738922077e-02 1.411802759475915946e-03
1.094188376753506908e+01 -5.881256035325947706e-02 2.035869327191082434e-03
1.098196392785571085e+01 -9.172254169335179730e-02 2.600200259395941352e-03
1.102204408817635262e+01 -1.276210861246967476e-01 2.997382525196892744e-03
1.106212424849699438e+01 -1.660239378046710901e-01 3.151852728893647822e-03
1.110220440881763437e+01 -2.064175206454255396e-01 3.039337798587747608e-03
1.114228456913827614e+01 -2.482677767867745855e-01 2.691020499047820994e-03
1.118236472945891791e+01 -2.910292509852625553e-01 2.182075411962094980e-03
1.122244488977955790e+01 -3.341539580873217341e-01 1.609330561335241055e-03
1.126252505010019966e+01 -3.771001739273534548e-01 1.065695052622740767e-03
1.130260521042084143e+01 -4.193404500406338609e-01 6.193176918660137868e-04
1.134268537074148320e+01 -4.603693048393348586e-01 3.027856976594380553e-04
1.138276553106212319e+01 -4.997097012214173350e-01 1.139443835466396850e-04
1.142284569138276495e+01 -5.369190366249149138e-01 2.584649439977572665e-05
1.146292585170340672e+01 -5.715936757187757289e-01 1.009045603095655785e-06
1.150300601202404849e+01 -6.033729107329740549e-01 4.624951233943077376e-06
1.154308617234468848e+01 -6.319414442590313152e-01 1.290195210757622329e-05
1.158316633266533024e+01 -6.570312825789670352e-01 1.518828822193904303e-05
1.162324649298597201e+01 -6.784223409174893193e-01 1.102734068295723897e-05
1.166332665330661200e+01 -6.959424948651564691e-01 4.787111669127871649e-06
1.170340681362725377e+01 -7.094666908102564840e-01 7.031221832208871244e-07
1.174348697394789554e+01 -7.189155763492991458e-01 1.934615637367182798e-07
1.178356713426853730e+01 -7.242536168464507318e-01 1.843792427499289908e-06
1.182364729458917729e+01 -7.254868317863417682e-01 3.164644663570270935e-06
1.186372745490981906e+01 -7.226604369045924736e-01 2.645695389806839576e-06
1.190380761523046083e+01 -7.158562222472868442e-01 8.520746641992846811e-07
1.194388777555110259e+01 -7.051901669435913789e-01 7.530923786886577966e-08
1.198396793587174258e+01 -6.908099118886037449e-01 2.906855909003328529e-06
1.202404809619238435e+01 -6.728926552295797503e-01 1.062547078813615258e-05
1.206412825651302612e+01 -6.516430126656130861e-01 2.228659185920613860e-05
1.210420841683366611e+01 -6.272913262764827635e-01 3.495485498971541736e-05
1.214428857715430787e+01 -6.000920028332282774e-01 4.490783454671870692e-05
1.218436873747494964e+01 -5.703221813230547887e-01 4.918120614752534225e-05
1.222444889779559141e+01 -5.382804363069215725e-01 4.671836385791910474e-05
1.226452905811623140e+01 -5.042855811170831037e-01 3.864328851388503335e-05
1.230460921843687316e+01 -4.686754572178706835e-01 2.762607331238504534e-05
1.234468937875751493e+01 -4.318055328003190807e-01 1.671548824715673637e-05
1.238476953907815670e+01 -3.940474022360724304e-01 8.206493251147682194e-06
1.242484969939879669e+01 -3.557868001058441809e-01 3.006247544358351901e-06
1.246492985971943845e+01 -3.174214285999177321e-01 6.853333886848286966e-07
1.250501002004008022e+01 -2.793580597869523841e-01 6.738735777091125217e-08
1.254509018036072021e+01 -2.420093992725131926e-01 1.306268713543670738e-08
1.258517034068136198e+01 -2.057900932661463345e-01 3.497847365727806464e-08
1.262525050100200374e+01 -1.711125119361937286e-01 5.319952638161909106e-07
1.266533066132264551e+01 -1.383816924346678578e-01 2.645619702698355610e-06
1.270541082164328550e+01 -1.079901556422178388e-01 7.913691017320191221e-06
1.274549098196392727e+01 -8.031206459700940270e-02 1.796039958387190850e-05
1.278557114228456904e+01 -5.569743106469934174e-02 3.441309550949123652e-05
1.282565130260520903e+01 -3.446600246599192813e-02 5.913685965063534200e-05
1.286573146292585079e+01 -1.690142188811004711e-02 9.478281711828780186e-05
1.290581162324649256e+01 -3.245524628513749791e-03 1.456199387043418943e-04
1.294589178356713433e+01 6.306853552579485926e-03 2.186465089878167855e-04
1.298597194388777432e+01 1.161243423983469338e-02 3.250421590843149446e-04
1.302605210420841608e+01 1.258331938824973004e-02 4.820641278817852779e-04
1.306613226452905785e+01 9.189740240366589541e-03 7.154920146723378616e-04
1.310621242484969962e+01 1.461895179674928529e-03 1.062673088646898505e-03
1.314629258517033961e+01 -1.050958500845220432e-02 1.576150625932546366e-03
1.318637274549098137e+01 -2.657417579244341840e-02 2.327785702909938772e-03
1.322645290581162314e+01 -4.652347278840299194e-02 3.413256061673424109e-03
1.326653306613226313e+01 -7.009419153634058319e-02 4.956791125690997862e-03
1.330661322645290490e+01 -9.697253101047620394e-02 7.115995700544336909e-03
1.334669338677354666e+01 -1.267993839718860316e-01 1.008652937877126121e-02
1.338677354709418843e+01 -1.591766078812372198e-01 1.410626989050604678e-02
1.342685370741482842e+01 -1.936738922101282345e-01 1.945829359555709473e-02
1.346693386773547019e+01 -2.298362511633692262e-01 2.647171939049558151e-02
1.350701402805611195e+01 -2.671917793976962829e-01 3.551898151769174866e-02
1.354709418837675372e+01 -3.052595505622351379e-01 4.700796699869186357e-02
1.358717434869739371e+01 -3.435574056430909518e-01 6.136703925068054399e-02
1.362725450901803548e+01 -3.816094447756642194e-01 7.902154083107019999e-02
1.366733466933867724e+01 -4.189530470248332139e-01 1.003603900163992507e-01
1.370741482965931723e+01 -4.551452735809184413e-01 1.256930862907830737e-01
1.374749498997995900e+01 -4.897684994299367767e-01 1.551981059346422276e-01
1.378757515030060077e+01 -5.224352714304945078e-01 1.888663097398032842e-01
1.382765531062124253e+01 -5.527922006325395321e-01 2.264439761211665403e-01
1.386773547094188253e+01 -5.805230884482751597e-01 2.673826119768675236e-01
1.390781563126252429e+01 -6.053510262608321479e-01 3.108030337301970758e-01
1.394789579158316606e+01 -6.270398626825578470e-01 3.554822229798165756e-01
1.398797595190380783e+01 -6.453947214125237419e-01 3.998699185549702828e-01
1.402805611222444782e+01 -6.602620877552888290e-01 4.421405856080237173e-01
1.406813627254508958e+01 -6.715291357935360139e-01 4.802822979337388332e-01
1.410821643286573135e+01 -6.791228318178382795e-01 5.122209556003374242e-01
1.414829659318637134e+01 -6.830085342221152711e-01 5.359721797106913321e-01
1.418837675350701311e+01 -6.831885335471478138e-01 5.498101496334298899e-01
1.422845691382765487e+01 -6.797003560156920088e-01 5.524365957071702971e-01
1.426853707414829664e+01 -6.726150960478576302e-01 5.431325376079657596e-01
1.430861723446893663e+01 -6.620357413108630684e-01 5.218722497289599582e-01
1.434869739478957840e+01 -6.480955318580258195e-01 4.893826670167515380e-01
1.438877755511022016e+01 -6.309564681811885567e-01 4.471338847128095151e-01
1.442885771543086193e+01 -6.108077865901468950e-01 3.972545212266693215e-01
1.446893787575150192e+01 -5.878646513311467370e-01 3.423741343206905818e-01
1.450901803607214369e+01 -5.623667011240959246e-01 2.854043869033321412e-01
1.454909819639278545e+01 -5.345767942692217778e-01 2.292817555972691546e-01
1.458917835671342544e+01 -5.047794802548284387e-01 1.766997582309983994e-01
1.462925851703406721e+01 -4.732795832815999693e-01 1.298660160660304597e-01
1.466933867735470898e+01 -4.404003984404851746e-01 9.031480900961842695e-02
1.470941883767535074e+01 -4.064818722746560420e-01 5.880370820485490702e-02
1.474949899799599073e+01 -3.718783186712114053e-01 3.530769739029201298e-02
1.478957915831663250e+01 -3.369559834771416740e-01 1.911309490764181301e-02
1.482965931863727427e+01 -3.020901181772354116e-01 8.994795978583743426e-03
1.486973947895791603e+01 -2.676617922375249536e-01 3.448472394614129303e-03
1.490981963927855602e+01 -2.340542462058603779e-01 9.384176242258782195e-04
1.494989979959919779e+01 -2.016489295296543249e-01 1.199867913049712547e-04
1.498997995991983956e+01 -1.708211717611686220e-01 2.493997533111814294e-07
1.503006012024047955e+01 -1.419355600006141360e-01 1.295623309849693828e-05
1.507014028056112132e+01 -1.153411057018469271e-01 9.820511551158754208e-07
1.511022044088176308e+01 -9.136621921296121662e-02 1.179987181810441936e-04
1.515030060120240485e+01 -7.031369024432759796e-02 6.771502812888088212e-04
1.519038076152304484e+01 -5.245564941459893160e-02 1.984454766807921492e-03
1.523046092184368661e+01 -3.802879898020733451e-02 4.196135572378580439e-03
1.527054108216432837e+01 -2.722984977601873580e-02 7.232018837831531363e-03
1.531062124248497014e+01 -2.021151086861405766e-02 1.076236613719458272e-02
1.535070140280561013e+01 -1.707893134316086636e-02 1.426794437592606227e-02
1.539078156312625190e+01 -1.788696179725582369e-02 1.715464589198263667e-02
1.543086172344689366e+01 -2.263809583322921176e-02 1.889222992148044747e-02
1.547094188376753365e+01 -3.128144013908978199e-02 1.914062134844728494e-02
1.551102204408817542e+01 -4.371253307527687287e-02 1.783234751630220771e-02
1.555110220440881719e+01 -5.977430427165428967e-02 1.519070313206347979e-02
1.559118236472945895e+01 -7.925895532544686983e-02 1.168029164747044941e-02
1.563126252505009894e+01 -1.019109706375391777e-01 7.903548137161993392e-03
1.567134268537074071e+01 -1.274310021708294494e-01 4.469476959224636357e-03
1.571142284569138248e+01 -1.554807410108194066e-01 1.867376171670279139e-03
1.575150300601202424e+01 -1.856884919661359046e-01 3.748497448792625073e-04
1.579158316633266423e+01 -2.176554699406969273e-01 2.011264954759859288e-05
1.583166332665330600e+01 -2.509625247621509736e-01 6.033636325866895090e-04
1.587174348697394777e+01 -2.851772325381369821e-01 1.767387918096452199e-03
1.591182364729458776e+01 -3.198610751044275724e-01 3.095883560588683775e-03
1.595190380761522952e+01 -3.545765920441241725e-01 4.213032516967949587e-03
1.599198396793587129e+01 -3.888942677928037273e-01 4.860126241003445702e-03
1.603206412825651128e+01 -4.223990129929600656e-01 4.933445585696529315e-03
1.607214428857715305e+01 -4.546960799774509288e-01 4.479454064186269915e-03
1.611222444889779482e+01 -4.854162578901622394e-01 3.654779558526842324e-03
1.615230460921843658e+01 -5.142203121206251337e-01 2.666861354380925184e-03
1.619238476953907835e+01 -5.408024897178288493e-01 1.713611102725797137e-03
1.623246492985972012e+01 -5.648932281271104028e-01 9.381758087537733380e-04
1.627254509018035833e+01 -5.862608380341645109e-01 4.076364058169145354e-04
1.631262525050100010e+01 -6.047125039038993011e-01 1.166314736144958089e-04
1.635270541082164186e+01 -6.200942892335181700e-01 9.308271049518036672e-06
1.639278557114228363e+01 -6.322907019919955518e-01 9.255940449098415333e-06
1.643286573146292540e+01 -6.412233982781696540e-01 4.673136300743325279e-05
1.647294589178356716e+01 -6.468497613039118077e-01 7.574684813903478236e-05
1.651302605210420893e+01 -6.491608189033764020e-01 7.843701755341772543e-05
1.655310621242485070e+01 -6.481793532793845847e-01 5.888324233849636876e-05
1.659318637274548891e+01 -6.439575708525079323e-01 3.154843352486257118e-05
1.663326653306613068e+01 -6.365752138987047504e-01 1.009584873749774541e-05
1.667334669338677244e+01 -6.261374290142140975e-01 7.053537713926427256e-07
1.671342685370741421e+01 -6.127732092693060073e-01 1.266069175897485756e-06
1.675350701402805598e+01 -5.966337267580430481e-01 5.084775731820399009e-06
1.679358717434869774e+01 -5.778912351068785647e-01 6.182706779972787940e-06
1.683366733466933951e+01 -5.567379064999943283e-01 3.187819140655405478e-06
1.687374749498997772e+01 -5.333851198800803051e-01 6.471726428153044622e-08
1.691382765531061949e+01 -5.080626287315199718e-01 3.713911473324661519e-06
1.695390781563126126e+01 -4.810179928814996564e-01 1.996616818505697784e-05
1.699398797595190302e+01 -4.525157549579313931e-01 5.009422419211517470e-05
1.703406813627254479e+01 -4.228366748960538102e-01 8.952235243058117968e-05
1.707414829659318656e+01 -3.922765381983305266e-01 1.292482169585061939e-04
1.711422845691382832e+01 -3.611448442768553369e-01 1.592240410333345185e-04
1.715430861723446654e+01 -3.297629123850144839e-01 1.721088717601587702e-04
1.719438877755510831e+01 -2.984617552301126464e-01 1.657792958266347133e-04
1.723446893787575007e+01 -2.675792740774853296e-01 1.436480450781878909e-04
1.727454909819639184e+01 -2.374571966492808051e-01 1.128710692449620700e-04
1.731462925851703361e+01 -2.084373315661796067e-01 8.143133959284286003e-05
1.735470941883767537e+01 -1.808576324529609092e-01 5.545159587432052950e-05
1.739478957915831714e+01 -1.550476766706657961e-01 3.789150789689089266e-05
1.743486973947895891e+01 -1.313241007095107549e-01 2.905499704696579898e-05
1.747494989979959712e+01 -1.099856431243762950e-01 2.857659711728404968e-05
1.751503006012023889e+01 -9.130834820448500977e-02 3.797369987250608341e-05
1.755511022044088065e+01 -7.554063912569189410e-02 6.278009749879432180e-05
1.759519038076152242e+01 -6.289878396764836399e-02 1.136070381284722745e-04
1.763527054108216419e+01 -5.356252348031450422e-02 2.060711072604204613e-04
1.767535070140280595e+01 -4.767132212921247614e-02 3.600886549165968641e-04
1.771543086172344772e+01 -4.532105774478854820e-02 5.993382326701237684e-04
1.775551102204408593e+01 -4.656153686848106543e-02 9.517025285061844709e-04
1.779559118236472770e+01 -5.139466406423542910e-02 1.451217875559065876e-03
1.783567134268536947e+01 -5.977359004160497091e-02 2.141722287486836403e-03
1.787575150300601123e+01 -7.160263092057925216e-02 3.082043005890107001e-03
1.791583166332665300e+01 -8.673825017268912974e-02 4.352355241690994934e-03
1.795591182364729477e+01 -1.049908133164978996e-01 6.061153659129395709e-03
1.799599198396793653e+01 -1.261274032699808700e-01 8.352134481718447023e-03
1.803607214428857475e+01 -1.498752942391756438e-01 1.140998971455999163e-02
1.807615230460921651e+01 -1.759263930225652695e-01 1.546394813180735663e-02
1.811623246492985828e+01 -2.039421220911171728e-01 2.078757028633203621e-02
1.815631262525050005e+01 -2.335590947134009443e-01 2.769357176056154099e-02
1.819639278557114181e+01 -2.643949374602015956e-01 3.652258953100940425e-02
1.823647294589178358e+01 -2.960546700801842124e-01 4.762581599743893890e-02
1.827655310621242535e+01 -3.281368949632350596e-01 6.134204050575643025e-02
1.831663326653306711e+01 -3.602402831002241568e-01 7.797072786874641170e-02
1.835671342685370533e+01 -3.919695289458378640e-01 9.774313124616781923e-02
1.839679358717434710e+01 -4.229413522907649603e-01 1.207936257399235824e-01
1.843687374749498886e+01 -4.527896683338232808e-01 1.471331040860427708e-01
1.847695390781563063e+01 -4.811706015458042662e-01 1.766256405491782866e-01
1.851703406813627240e+01 -5.077664475137239064e-01 2.089690441940686982e-01
1.855711422845691416e+01 -5.322893466123832518e-01 2.436797042078305553e-01
1.859719438877755593e+01 -5.544837986002423280e-01 2.800820570548342436e-01
1.863727454909819414e+01 -5.741288378584153973e-01 3.173041864943118573e-01
1.867735470941883591e+01 -5.910390746496577696e-01 3.542814520946891976e-01
1.871743486973947768e+01 -6.050654195777293021e-01 3.897720453114157935e-01
1.875751503006011944e+01 -6.160948279186754251e-01 4.223880922564839380e-01
1.879759519038076121e+01 -6.240498092937665220e-01 4.506468514287598204e-01
1.883767535070140298e+01 -6.288872012492214836e-01 4.730441279088968831e-01
1.887775551102204474e+01 -6.305968368865515483e-01 4.881504100388656120e-01
1.891783567134268296e+01 -6.291997540071592177e-01 4.947251376330865646e-01
1.895791583166332472e+01 -6.247464431300547849e-01 4.918412069805744857e-01
1.899799599198396649e+01 -6.173148954385558884e-01 4.790058337249407661e-01
1.903807615230460826e+01 -6.070088137401908890e-01 4.562623367073260772e-01
1.907815631262525002e+01 -5.939558150216273091e-01 4.242544505230719243e-01
1.911823647294589179e+01 -5.783058698507853590e-01 3.842385512159596228e-01
1.915831663326653356e+01 -5.602298248902616296e-01 3.380325870587325698e-01
1.919839679358717532e+01 -5.399181699136572643e-01 2.878996006864656954e-01
1.923847695390781354e+01 -5.175798684834604924e-01 2.363727630184368766e-01
1.927855711422845530e+01 -4.934413753962395011e-01 1.860381597292375955e-01
1.931863727454909707e+01 -4.677456024981894167e-01 1.393008195023057727e-01
1.935871743486973884e+01 -4.407509646702143513e-01 9.816200168112529378e-02
1.939879759519038060e+01 -4.127302011770079271e-01 6.403884366531299721e-02
1.943887775551102237e+01 -3.839691494499006263e-01 3.764980554529981371e-02
1.947895791583166414e+01 -3.547651160288455841e-01 1.898396910398546938e-02
1.951903807615230235e+01 -3.254250829989125959e-01 7.357628812837954668e-03
1.955911823647294412e+01 -2.962633829665328733e-01 1.551513831124299615e-03
1.959919839679358589e+01 -2.675991320300555865e-01 8.225982395509664254e-06
1.963927855711422765e+01 -2.397530966664024321e-01 1.061870725706969259e-03
1.967935871743486942e+01 -2.130443003569817972e-01 3.166312208612620353e-03
1.971943887775551119e+01 -1.877861445496104564e-01 5.089224879111491767e-03
1.975951903807615295e+01 -1.642823247619282778e-01 6.044406814443262395e-03
1.979959919839679117e+01 -1.428224422001635741e-01 5.744626861256284245e-03
1.983967935871743293e+01 -1.236775479361142266e-01 4.370050234796623440e-03
1.987975951903807470e+01 -1.070956261490421113e-01 2.460910203351968691e-03
1.991983967935871647e+01 -9.329721769706410262e-02 7.556142815898397088e-04
1.995991983967935823e+01 -8.247124592608036375e-02 4.379061229231295048e-06
2.000000000000000000e+01 -7.477122971116076378e-02 7.925460355361925707e-04
