# time correlation overlap_with_initial
0.000000000000000000e+00 -1.000000000000000000e+00 1.000000000000000000e+00
4.008016032064128098e-02 -9.965905545525773901e-01 9.847616637172250664e-01
8.016032064128256196e-02 -9.863854980847648335e-01 9.403761049269879768e-01
1.202404809619238429e-01 -9.694551483219918664e-01 8.706475022673793029e-01
1.603206412825651239e-01 -9.459182447339381516e-01 7.813357392311980343e-01
2.004008016032063910e-01 -9.159436466705248581e-01 6.793957094842575373e-01
2.404809619238476859e-01 -8.797524219461175798e-01 5.721112588341933369e-01
2.805611222444889807e-01 -8.376210356315337835e-01 4.662706331041225338e-01
3.206412825651302478e-01 -7.898833354484142699e-01 3.675028105425505176e-01
3.607214428857715149e-01 -7.369341771357335036e-01 2.798635265943270056e-01
4.008016032064127820e-01 -6.792305287778430678e-01 2.056911268848788110e-01
4.408817635270541047e-01 -6.172937602396895151e-01 1.457143296648943931e-01
4.809619238476953718e-01 -5.517095723942468943e-01 9.934338262019501431e-02
5.210420841683366389e-01 -4.831268859530968851e-01 6.506387295950663563e-02
5.611222444889779615e-01 -4.122560402411173386e-01 4.084875305609046714e-02
6.012024048096191731e-01 -3.398631396956660611e-01 2.452225071382281921e-02
6.412825651302604957e-01 -2.667654254319916651e-01 1.403399809878024679e-02
6.813627254509018183e-01 -1.938211731825325579e-01 7.629274137735427355e-03
7.214428857715430299e-01 -1.219209408286049817e-01 3.922660781844606974e-03
7.615230460921843525e-01 -5.197428519006974668e-02 1.897454706665563113e-03
8.016032064128255641e-01 1.510384419175614910e-02 8.578318397744575264e-04
8.416833667334668867e-01 7.840808357971024156e-02 3.594783901171941264e-04
8.817635270541082093e-01 1.370601174479669504e-01 1.381504093123615622e-04
9.218436873747494209e-01 1.902242983672869370e-01 4.800712597053376441e-05
9.619238476953907435e-01 2.371263671152163965e-01 1.479610635930683978e-05
1.002004008016031955e+00 2.770687080489345755e-01 3.934284096696459795e-06
1.042084168336673278e+00 3.094471349748433853e-01 8.653438821333381713e-07
1.082164328657314600e+00 3.337644030871692036e-01 1.467886915525389897e-07
1.122244488977955923e+00 3.496423786731148731e-01 1.678851193379725375e-08
1.162324649298597246e+00 3.568317569983829318e-01 9.221402959492636338e-10
1.202404809619238346e+00 3.552182637573731983e-01 5.350753803313099245e-12
1.242484969939879669e+00 3.448264150037217424e-01 4.280160029007928190e-12
1.282565130260520991e+00 3.258193107044178305e-01 7.478332703212000375e-14
1.322645290581162314e+00 2.984954373449153486e-01 1.640814299613612153e-13
1.362725450901803637e+00 2.632820428392385614e-01 1.779432819150827000e-12
1.402805611222444737e+00 2.207256444490931502e-01 5.250910664160886448e-12
1.442885771543086060e+00 1.714794372258323374e-01 4.305831448056649889e-12
1.482965931863727382e+00 1.162893407190359191e-01 4.970810149041927735e-12
1.523046092184368705e+00 5.597684784968268157e-02 2.038358813140069865e-11
1.563126252505010028e+00 -8.577318031780314933e-03 4.505721187463374427e-11
1.603206412825651128e+00 -7.645237983299807416e-02 5.725312341146725274e-11
1.643286573146292451e+00 -1.467046044646456437e-01 4.960105500387391646e-11
1.683366733466933773e+00 -2.183852771322467023e-01 4.499074121364314795e-11
1.723446893787575096e+00 -2.905572731134227760e-01 7.541353199014862586e-11
1.763527054108216419e+00 -3.623093468301599174e-01 1.477476447141119155e-10
1.803607214428857741e+00 -4.327705750641760996e-01 2.335152680344074247e-10
1.843687374749498842e+00 -5.011200198662419947e-01 2.915950494879986515e-10
1.883767535070140164e+00 -5.665973808899611441e-01 3.004863447230832642e-10
1.923847695390781487e+00 -6.285084631933052224e-01 2.710914720373338803e-10
1.963927855711422810e+00 -6.862308238029246610e-01 2.328593512529557131e-10
2.004008016032063910e+00 -7.392161763094055038e-01 2.091926435714846459e-10
2.044088176352705233e+00 -7.869910654006653239e-01 2.032756076811506629e-10
2.084168336673346555e+00 -8.291570270751337235e-01 2.022271213051106303e-10
2.124248496993987878e+00 -8.653877726155507766e-01 1.915143591941476218e-10
2.164328657314629201e+00 -8.954275362761764390e-01 1.661076963793177805e-10
2.204408817635270523e+00 -9.190867993669500358e-01 1.313836279783291767e-10
2.244488977955911846e+00 -9.362393541264160124e-01 9.659839669578626740e-11
2.284569138276553169e+00 -9.468182882384003074e-01 6.827821538640593894e-11
2.324649298597194491e+00 -9.508126109198238307e-01 4.817736004874520723e-11
2.364729458917835370e+00 -9.482643414208230537e-01 3.517448632011254256e-11
2.404809619238476692e+00 -9.392658197975732870e-01 2.785852671648329971e-11
2.444889779559118015e+00 -9.239579526384441577e-01 2.580337298064835459e-11
2.484969939879759337e+00 -9.025289254392687699e-01 3.018625426158971377e-11
2.525050100200400660e+00 -8.752134746236498453e-01 4.511969075544496081e-11
2.565130260521041983e+00 -8.422928421890446549e-01 7.935169716038511850e-11
2.605210420841683305e+00 -8.040949829982366737e-01 1.459842888058880431e-10
2.645290581162324628e+00 -7.609948473860916884e-01 2.580078901739178059e-10
2.685370741482965951e+00 -7.134152048686098757e-01 4.201917022984210566e-10
2.725450901803607273e+00 -6.618262014527100945e-01 6.211862800320067979e-10
2.765531062124248596e+00 -6.067459406423136858e-01 8.305846524787362206e-10
2.805611222444889474e+00 -5.487386118405990221e-01 1.003573770446860877e-09
2.845691382765530797e+00 -4.884134032765378164e-01 1.091442320371424053e-09
2.885771543086172120e+00 -4.264210630739971308e-01 1.053589269787342342e-09
2.925851703406813442e+00 -3.634497549189802945e-01 8.679511539696594474e-10
2.965931863727454765e+00 -3.002203110479642612e-01 5.449899616494244298e-10
3.006012024048096087e+00 -2.374766464879731753e-01 1.682496338589412999e-10
3.046092184368737410e+00 -1.759795196907345816e-01 2.783178292172317898e-11
3.086172344689378733e+00 -1.164967451069227194e-01 1.008989025164933348e-09
3.126252505010020055e+00 -5.979193873658327635e-02 5.635890680250219027e-09
3.166332665330661378e+00 -6.611663158019032149e-03 2.070930042853421081e-08
3.206412825651302256e+00 4.232694076831799990e-02 6.364200161371498103e-08
3.246492985971943579e+00 8.634828004705895343e-02 1.769580128872988878e-07
3.286573146292584902e+00 1.248321234592404266e-01 4.599814608844039043e-07
3.326653306613226224e+00 1.572257052112254472e-01 1.135006823396474748e-06
3.366733466933867547e+00 1.830572741289147876e-01 2.679757073410947543e-06
3.406813627254508869e+00 2.019438624653389358e-01 6.081153067246783483e-06
3.446893787575150192e+00 2.136028236284259474e-01 1.330295812092487280e-05
3.486973947895791515e+00 2.178579249422660236e-01 2.811311884154782902e-05
3.527054108216432837e+00 2.146443985752871098e-01 5.749179611612381902e-05
3.567134268537074160e+00 2.040115208364775556e-01 1.139359629067573124e-04
3.607214428857715482e+00 1.861223589718925819e-01 2.190849240975782490e-04
3.647294589178356361e+00 1.612512711414013922e-01 4.091991175154181424e-04
3.687374749498997684e+00 1.297786319965739399e-01 7.430960909187924075e-04
3.727454909819639006e+00 9.218323635753838952e-02 1.313139654384370535e-03
3.767535070140280329e+00 4.903261604181090999e-02 2.259722735383115980e-03
3.807615230460921651e+00 9.714971526414554505e-04 3.789303477152776867e-03
3.847695390781562974e+00 -5.129141916786299216e-02 6.195372975727896254e-03
3.887775551102204297e+00 -1.069971206353556720e-01 9.880744966294667878e-03
3.927855711422845619e+00 -1.653516167410452320e-01 1.537814412908665961e-02
3.967935871743486942e+00 -2.255399659304549442e-01 2.336468625026972071e-02
4.008016032064127820e+00 -2.867417115448993026e-01 3.466406792586823604e-02
4.048096192384769587e+00 -3.481440464581140870e-01 5.022959175107957752e-02
4.088176352705410466e+00 -4.089551016915203285e-01 7.110053812528939476e-02
4.128256513026052232e+00 -4.684154860950849875e-01 9.832609536620777468e-02
4.168336673346693111e+00 -5.258078784981992104e-01 1.328540096392211989e-01
4.208416833667334878e+00 -5.804661308442331524e-01 1.753862945385833982e-01
4.248496993987975756e+00 -6.317808531497899338e-01 2.262117959663736133e-01
4.288577154308616635e+00 -6.792053029756656146e-01 2.850327886195256344e-01
4.328657314629258401e+00 -7.222576405298886115e-01 3.508111117111469279e-01
4.368737474949899280e+00 -7.605232158870193215e-01 4.216639274336488885e-01
4.408817635270541047e+00 -7.936546192495651519e-01 4.948407425091755907e-01
4.448897795591181925e+00 -8.213707516965073063e-01 5.668073688571088065e-01
4.488977955911823692e+00 -8.434555533895732315e-01 6.334523362564004056e-01
4.529058116232464570e+00 -8.597551222589966402e-01 6.904103755051309577e-01
4.569138276553106337e+00 -8.701756157309252782e-01 7.334805717327803620e-01
4.609218436873747216e+00 -8.746798885591957617e-01 7.590892472113861533e-01
4.649298597194388982e+00 -8.732850381984197385e-01 7.647375415036696822e-01
4.689378757515029861e+00 -8.660596250653110895e-01 7.493604969950454775e-01
4.729458917835670739e+00 -8.531214108372792149e-01 7.135343786653234321e-01
4.769539078156312506e+00 -8.346355162634091496e-01 6.594857710227262082e-01
4.809619238476953385e+00 -8.108129006245705650e-01 5.908874846959892846e-01
4.849699398797595151e+00 -7.819092350879134345e-01 5.124614696779385969e-01
4.889779559118236030e+00 -7.482242545667363576e-01 4.294466692512555195e-01
4.929859719438877796e+00 -7.101009840155553254e-01 3.470104094392895688e-01
4.969939879759518675e+00 -6.679254314830420647e-01 2.696990553097273757e-01
5.010020040080160442e+00 -6.221258666689090111e-01 2.010088215779309573e-01
5.050100200400801320e+00 -5.731718555702068896e-01 1.431380831060029835e-01
5.090180360721443087e+00 -5.215731634353162338e-01 9.694444369508206649e-02
5.130260521042083965e+00 -4.678772212234452721e-01 6.208982880482660782e-02
5.170340681362724844e+00 -4.126669293992194509e-01 3.732703407037306353e-02
5.210420841683366611e+00 -3.565561027974235575e-01 2.085700200656497028e-02
5.250501002004007489e+00 -3.001852325438765234e-01 1.068635201165506719e-02
5.290581162324649256e+00 -2.442150504139379286e-01 4.924096335007684122e-03
5.330661322645290134e+00 -1.893194666653623126e-01 1.981243210271586754e-03
5.370741482965931901e+00 -1.361776176468795230e-01 6.631771269284072751e-04
5.410821643286572780e+00 -8.546402678615680482e-02 1.690191063945954339e-04
5.450901803607214546e+00 -3.783939821806181492e-02 2.728724887385355083e-05
5.490981963927855425e+00 6.060990013951613777e-03 2.348454055810217436e-06
5.531062124248497192e+00 4.563744168082330133e-02 1.355531255450438319e-06
5.571142284569138070e+00 8.033758260708942500e-02 1.027764627805447271e-06
5.611222444889778949e+00 1.096668743754393716e-01 1.489243420736045193e-06
5.651302605210420715e+00 1.331988005995690671e-01 4.589101436538922542e-06
5.691382765531061594e+00 1.505845250155435633e-01 8.653968834243720059e-06
5.731462925851703361e+00 1.615603976441548628e-01 1.071631080213991990e-05
5.771543086172344239e+00 1.659550586371200398e-01 9.584066596373310096e-06
5.811623246492986006e+00 1.636935786115161495e-01 6.694877686109718510e-06
5.851703406813626884e+00 1.548005810324933618e-01 4.736474340836290003e-06
5.891783567134268651e+00 1.394005613134504107e-01 5.576763016897491764e-06
5.931863727454909530e+00 1.177163616099760751e-01 9.045877190859949907e-06
5.971943887775551296e+00 9.006537576402807999e-02 1.319989890738485618e-05
6.012024048096192175e+00 5.685367671931568917e-02 1.565917759621043303e-05
6.052104208416833053e+00 1.856817402987012700e-02 1.506682036011792695e-05
6.092184368737474820e+00 -2.423272129374345191e-02 1.181540128815527554e-05
6.132264529058115698e+00 -7.093016026886306280e-02 7.740647345309120607e-06
6.172344689378757465e+00 -1.208566082800025393e-01 5.083948377020188377e-06
6.212424849699398344e+00 -1.733085644257376656e-01 5.356833125188690875e-06
6.252505010020040110e+00 -2.275596254975447430e-01 8.687231925218699775e-06
6.292585170340680989e+00 -2.828731166285209375e-01 1.389014808194110404e-05
6.332665330661322756e+00 -3.385151215109498679e-01 1.911382748391242360e-05
6.372745490981963634e+00 -3.937656753619142025e-01 2.266758043473967533e-05
6.412825651302604513e+00 -4.479302519442184272e-01 2.363313684758815118e-05
6.452905811623246279e+00 -5.003488004840973558e-01 2.204216463801127941e-05
6.492985971943887158e+00 -5.504043188792748786e-01 1.864630640855241799e-05
6.533066132264528925e+00 -5.975295204717737674e-01 1.447812189595803306e-05
6.573146292585169803e+00 -6.412118205193240161e-01 1.043984353686642655e-05
6.613226452905811570e+00 -6.809975119694392509e-01 7.075319455379686540e-06
6.653306613226452448e+00 -7.164934668564222342e-01 4.555188113301254466e-06
6.693386773547094215e+00 -7.473687640870203541e-01 2.799427741538801025e-06
6.733466933867735094e+00 -7.733540384775241527e-01 1.631682052188866843e-06
6.773547094188376860e+00 -7.942407980305944415e-01 8.847578707293155297e-07
6.813627254509017739e+00 -8.098795108842510304e-01 4.363710293741391211e-07
6.853707414829658617e+00 -8.201772692611358773e-01 1.981325472466520131e-07
6.893787575150300384e+00 -8.250954215697448024e-01 9.569330380560734112e-08
6.933867735470941263e+00 -8.246466201427324894e-01 6.380566964154546684e-08
6.973947895791583029e+00 -8.188924302689378765e-01 5.608641086549607688e-08
7.014028056112223908e+00 -8.079406983396177910e-01 5.492039922666419316e-08
7.054108216432865675e+00 -7.919434442452478740e-01 6.808299126083853725e-08
7.094188376753506553e+00 -7.710949988539745892e-01 1.113231639541695714e-07
7.134268537074148320e+00 -7.456304259741779461e-01 1.879414447852356977e-07
7.174348697394789198e+00 -7.158243091226130783e-01 2.790999250530908046e-07
7.214428857715430965e+00 -6.819897794601725849e-01 3.511103847328134018e-07
7.254509018036071843e+00 -6.444774852136340160e-01 3.745963764291262294e-07
7.294589178356712722e+00 -6.036749218040194931e-01 3.429467290755528805e-07
7.334669338677354489e+00 -5.600050847854045610e-01 2.786909115800862642e-07
7.374749498997995367e+00 -5.139253646631745109e-01 2.242930575527866223e-07
7.414829659318637134e+00 -4.659255267557890767e-01 2.233396010587005962e-07
7.454909819639278012e+00 -4.165252407153183234e-01 3.030022717137683332e-07
7.494989979959919779e+00 -3.662710373054233748e-01 4.669550125120052697e-07
7.535070140280560658e+00 -3.157318389972600392e-01 7.013483189486160238e-07
7.575150300601202424e+00 -2.654944511447739353e-01 9.894802021936920647e-07
7.615230460921843303e+00 -2.161570068839455128e-01 1.327756924892590652e-06
7.655310621242485070e+00 -1.683225743912711014e-01 1.737597184685441134e-06
7.695390781563125948e+00 -1.225910021468824551e-01 2.274429580914519374e-06
7.735470941883766827e+00 -7.955050449296252602e-02 3.042448591644961863e-06
7.775551102204408593e+00 -3.976867658764122321e-02 4.230603958312494968e-06
7.815631262525049472e+00 -3.782601496808396958e-03 6.190285870710314668e-06
7.855711422845691239e+00 2.791025481674009809e-02 9.580258211080690603e-06
7.895791583166332117e+00 5.486216601247253383e-02 1.561135457349676069e-05
7.935871743486973884e+00 7.668366788462890882e-02 2.643582223165155307e-05
7.975951903807614762e+00 9.305236682587483821e-02 4.574478357678433732e-05
8.016032064128255641e+00 1.037200845275109279e-01 7.966438350917941192e-05
8.056112224448897408e+00 1.085189681282120316e-01 1.380757805619601554e-04
8.096192384769539174e+00 1.073662661550573161e-01 2.365263818897108045e-04
8.136272545090179165e+00 1.002669668950752491e-01 3.989428415893975666e-04
8.176352705410820931e+00 8.731517295648025256e-02 6.613971293783801712e-04
8.216432865731462698e+00 6.869301898311139243e-02 1.077192185484856894e-03
8.256513026052104465e+00 4.466809832682049758e-02 1.723512746666505929e-03
8.296593186372744455e+00 1.558875124049111105e-02 2.709792527167469330e-03
8.336673346693386222e+00 -1.812226628120060939e-02 4.187758822635335478e-03
8.376753507014027988e+00 -5.597575420371573435e-02 6.362797419409072473e-03
8.416833667334669755e+00 -9.742528298954711286e-02 9.505849474279457964e-03
8.456913827655309746e+00 -1.418776877393286007e-01 1.396442961578578910e-02
8.496993987975951512e+00 -1.887039810912544968e-01 2.017079992253777501e-02
8.537074148296593279e+00 -2.372511557213394795e-01 2.864451155137597710e-02
8.577154308617233269e+00 -2.868536463419143479e-01 3.998623826775365292e-02
8.617234468937875036e+00 -3.368449086336635090e-01 5.485931556659928710e-02
8.657314629258516803e+00 -3.865684145558186402e-01 7.395588618343974796e-02
8.697394789579158569e+00 -4.353876426630919894e-01 9.794532058949800835e-02
8.737474949899798560e+00 -4.826956085057055867e-01 1.274041943252896270e-01
8.777555110220440326e+00 -5.279224605428441963e-01 1.627299385498282847e-01
8.817635270541082093e+00 -5.705426486759586080e-01 2.040429386205058204e-01
8.857715430861723860e+00 -6.100799242416115042e-01 2.510862483426449798e-01
8.897795591182363850e+00 -6.461115742583576349e-01 3.031347889355082148e-01
8.937875751503005617e+00 -6.782710482131270036e-01 3.589294992221764291e-01
8.977955911823647384e+00 -7.062492690355363090e-01 4.166521785494921026e-01
9.018036072144287374e+00 -7.297952199224682079e-01 4.739565470192510510e-01
9.058116232464929141e+00 -7.487149953267097091e-01 5.280655302863831446e-01
9.098196392785570907e+00 -7.628707086072634702e-01 5.759394420275594229e-01
9.138276553106212674e+00 -7.721782470010026822e-01 6.145074786009931955e-01
9.178356713426852664e+00 -7.766050140115047240e-01 6.409464318680964112e-01
9.218436873747494431e+00 -7.761672746701353542e-01 6.529770514905970380e-01
9.258517034068136198e+00 -7.709273968989573955e-01 6.491418077542332465e-01
9.298597194388777964e+00 -7.609913468866535968e-01 6.290236878123870445e-01
9.338677354709417955e+00 -7.465061256864659045e-01 5.933675580023288765e-01
9.378757515030059722e+00 -7.276576356094792697e-01 5.440769463787585858e-01
9.418837675350701488e+00 -7.046687405557301442e-01 4.840740409898125485e-01
9.458917835671341479e+00 -6.777975503293343085e-01 4.170315176037585059e-01
9.498997995991983245e+00 -6.473360775325693872e-01 3.470069682380871878e-01
9.539078156312625012e+00 -6.136088792498753941e-01 2.780269701514501701e-01
9.579158316633266779e+00 -5.769718780271421155e-01 2.136799565392163425e-01
9.619238476953906769e+00 -5.378111251449420038e-01 1.567775002081579772e-01
9.659318637274548536e+00 -4.965412040130628979e-01 1.091314674326387540e-01
9.699398797595190302e+00 -4.536036381332264056e-01 7.147840079077906472e-02
9.739478957915832069e+00 -4.094643854008546136e-01 4.355189892118246919e-02
9.779559118236472059e+00 -3.646112346000694449e-01 2.428275424839869065e-02
9.819639278557113826e+00 -3.195501313474972682e-01 1.208090555476762883e-02
9.859719438877755593e+00 -2.748009469206079691e-01 5.144674364345108025e-03
9.899799599198395583e+00 -2.308925376098925064e-01 1.741182569338830394e-03
9.939879759519037350e+00 -1.883566618855034291e-01 4.143015984532669800e-04
9.979959919839679117e+00 -1.477217513942268023e-01 9.624662573734361318e-05
1.002004008016032088e+01 -1.095052925706615221e-01 1.221373947442402517e-04
1.006012024048096087e+01 -7.420643593562721574e-02 1.674031847824179330e-04
1.010020040080160264e+01 -4.229762433200527638e-02 1.411462886139448975e-04
1.014028056112224441e+01 -1.421643140069284855e-02 7.185277323528075212e-05
1.018036072144288617e+01 9.642564811503525138e-03 1.543687580026353466e-05
1.022044088176352616e+01 2.893589388828187933e-02 2.460559326550481043e-06
1.026052104208416793e+01 4.337819047308352771e-02 2.602941763723908998e-05
1.030060120240480970e+01 5.274906786424411742e-02 5.900099030452142176e-05
1.034068136272544969e+01 5.689824727115391778e-02 8.235420447263628284e-05
1.038076152304609145e+01 5.575002152037768222e-02 1.070140626044521694e-04
1.042084168336673322e+01 4.930589914934493945e-02 1.779294686734654172e-04
1.046092184368737499e+01 3.764583346473428932e-02 3.587323395331965957e-04
1.050100200400801498e+01 2.092787842508959939e-02 7.040874638498987540e-04
1.054108216432865675e+01 -6.140341701515597897e-04 1.231778262576618647e-03
1.058116232464929851e+01 -2.667370939623831677e-02 1.906397456571388115e-03
1.062124248496994028e+01 -5.687808031013538712e-02 2.641438854965187915e-03
1.066132264529058027e+01 -9.079387678837989861e-02 3.319585698702799941e-03
1.070140280561122204e+01 -1.279355926790746445e-01 3.823912764790388628e-03
1.074148296593186380e+01 -1.677744439317735148e-01 4.069352707427719741e-03
1.078156312625250379e+01 -2.097481110320243980e-01 4.023964904149387838e-03
1.082164328657314556e+01 -2.532708652649175440e-01 3.713862838009748032e-03
1.086172344689378733e+01 -2.977440846298247124e-01 3.211532464722389058e-03
1.090180360721442909e+01 -3.425663989712158797e-01 2.612906769636373638e-03
1.094188376753506908e+01 -3.871438240028839406e-01 2.011463818204968848e-03
1.098196392785571085e+01 -4.308989833628979471e-01 1.477679471823841037e-03
1.102204408817635262e+01 -4.732797445576250595e-01 1.048925349039665908e-03
1.106212424849699438e+01 -5.137668344958690181e-01 7.307910437302126512e-04
1.110220440881763437e+01 -5.518802143094508894e-01 5.067614362890204231e-04
1.114228456913827614e+01 -5.871845826181500971e-01 3.510798232419530865e-04
1.118236472945891791e+01 -6.192932613219580551e-01 2.397786652761661405e-04
1.122244488977955790e+01 -6.478712981209528987e-01 1.567178490563494086e-04
1.126252505010019966e+01 -6.726370750056633874e-01 9.420372362381563224e-05
1.130260521042084143e+01 -6.933630596001328916e-01 4.987883970927439633e-05
1.134268537074148320e+01 -7.098755802408828197e-01 2.260931719948522104e-05
1.138276553106212319e+01 -7.220536697342437860e-01 9.659366720043926054e-06
1.142284569138276495e+01 -7.298274855664556027e-01 6.185177013121945671e-06
1.146292585170340672e+01 -7.331759848046857098e-01 6.658842241654316764e-06
1.150300601202404849e+01 -7.321244611880520781e-01 6.934879953603600654e-06
1.154308617234468848e+01 -7.267418017740230329e-01 5.617468359517897224e-06
1.158316633266533024e+01 -7.171376541466267795e-01 3.998443980480932172e-06
1.162324649298597201e+01 -7.034597914396506502e-01 4.716343092895485870e-06
1.166332665330661200e+01 -6.858914212344270345e-01 9.935468407279699868e-06
1.170340681362725377e+01 -6.646488857637320447e-01 1.999306928859407125e-05
1.174348697394789554e+01 -6.399794648694311361e-01 3.311083722756611732e-05
1.178356713426853730e+01 -6.121594210324280416e-01 4.617521973610665424e-05
1.182364729458917729e+01 -5.814923378675656007e-01 5.607192753553520004e-05
1.186372745490981906e+01 -5.483073899943782248e-01 6.088165826153994401e-05
1.190380761523046083e+01 -5.129579197157227988e-01 6.040572784643711434e-05
1.194388777555110259e+01 -4.758197266589108687e-01 5.589807705318438198e-05
1.198396793587174258e+01 -4.372893671411690608e-01 4.926193599088144831e-05
1.202404809619238435e+01 -3.977821360381663673e-01 4.217403597768458993e-05
1.206412825651302612e+01 -3.577295874223787586e-01 3.553767418520478304e-05
1.210420841683366611e+01 -3.175767779588943851e-01 2.943770596079582286e-05
1.214428857715430787e+01 -2.777786757878470958e-01 2.349667772576535297e-05
1.218436873747494964e+01 -2.387962549356563158e-01 1.737853658278425983e-05
1.222444889779559141e+01 -2.010917107234359291e-01 1.118120213180752986e-05
1.226452905811623140e+01 -1.651231836050426616e-01 5.593510938465704192e-06
1.230460921843687316e+01 -1.313389310229346463e-01 1.852488494417428877e-06
1.234468937875751493e+01 -1.001708379102238256e-01 1.643705295684238375e-06
1.238476953907815670e+01 -7.202786657465565234e-02 7.098421282238453747e-06
1.242484969939879669e+01 -4.728893462767037870e-02 2.097208327303141319e-05
1.246492985971943845e+01 -2.629614779225322718e-02 4.700844811456076570e-05
1.250501002004008022e+01 -9.347922068685822483e-03 9.046075904244971428e-05
1.254509018036072021e+01 3.307317944472649984e-03 1.587771013533347702e-04
1.258517034068136198e+01 1.147680741495631616e-02 2.625567811139491821e-04
1.262525050100200374e+01 1.502843561106278342e-02 4.169842598647033956e-04
1.266533066132264551e+01 1.389441155096994389e-02 6.440061487489339874e-04
1.270541082164328550e+01 8.074072235348088086e-03 9.754970533311218281e-04
1.274549098196392727e+01 -2.364989938328491796e-03 1.457566393480052343e-03
1.278557114228456904e+01 -1.728694515988599481e-02 2.155991041871649708e-03
1.282565130260520903e+01 -3.648938583245407014e-02 3.162594965769793907e-03
1.286573146292585079e+01 -5.970638334630224558e-02 4.602189231798026539e-03
1.290581162324649256e+01 -8.661288608697012559e-02 6.639529609641097938e-03
1.294589178356713433e+01 -1.168305055058559694e-01 9.485607938887880702e-03
1.298597194388777432e+01 -1.499342878009421176e-01 1.340242651486754991e-02
1.302605210420841608e+01 -1.854605226069622470e-01 1.870538502623541807e-02
1.306613226452905785e+01 -2.229151581503981960e-01 2.576220630646286827e-02
1.310621242484969962e+01 -2.617827162149649056e-01 3.498740137548637247e-02
1.314629258517033961e+01 -3.015353571359211671e-01 4.683105597243800156e-02
1.318637274549098137e+01 -3.416419203969223162e-01 6.176080991622582422e-02
1.322645290581162314e+01 -3.815765984929771482e-01 8.023586381823394342e-02
1.326653306613226313e+01 -4.208271663832562348e-01 1.026720183119043811e-01
1.330661322645290490e+01 -4.589024106587398233e-01 1.293974673223333427e-01
1.334669338677354666e+01 -4.953387711826237605e-01 1.605996525575023870e-01
1.338677354709418843e+01 -5.297059883309428452e-01 1.962656099446081215e-01
1.342685370741482842e+01 -5.616116876280065062e-01 2.361195358673563727e-01
1.346693386773547019e+01 -5.907050241455431561e-01 2.795644690259952991e-01
1.350701402805611195e+01 -6.166791568404872415e-01 3.256365035998173840e-01
1.354709418837675372e+01 -6.392729295863527339e-01 3.729821937700096846e-01
1.358717434869739371e+01 -6.582715557215061963e-01 4.198695605138374476e-01
1.362725450901803548e+01 -6.735066113199590365e-01 4.642421171360813781e-01
1.366733466933867724e+01 -6.848554468755623237e-01 5.038208483681069216e-01
1.370741482965931723e+01 -6.922399739487841153e-01 5.362540139496249081e-01
1.374749498997995900e+01 -6.956253133022620716e-01 5.593064272573885498e-01
1.378757515030060077e+01 -6.950179763571863178e-01 5.710722624686991322e-01
1.382765531062124253e+01 -6.904641364990389274e-01 5.701888038389726354e-01
1.386773547094188253e+01 -6.820477366177692957e-01 5.560226283019991111e-01
1.390781563126252429e+01 -6.698886572683386831e-01 5.288008778088246764e-01
1.394789579158316606e+01 -6.541410509357117320e-01 4.896618210967891849e-01
1.398797595190380783e+01 -6.349915762458061552e-01 4.406091928860312312e-01
1.402805611222444782e+01 -6.126579707696876431e-01 3.843660081752040547e-01
1.406813627254508958e+01 -5.873874180804498080e-01 3.241383122989950349e-01
1.410821643286573135e+01 -5.594551472262208058e-01 2.633138122544912973e-01
1.414829659318637134e+01 -5.291628382281072795e-01 2.051323336488909688e-01
1.418837675350701311e+01 -4.968369671839855672e-01 1.523706595705788536e-01
1.422845691382765487e+01 -4.628269957102723042e-01 1.070869895187586129e-01
1.426853707414829664e+01 -4.275031973562281595e-01 7.045957508940488279e-02
1.430861723446893663e+01 -3.912542974562587816e-01 4.274456832336170908e-02
1.434869739478957840e+01 -3.544845790930917229e-01 2.335594133181983709e-02
1.438877755511022016e+01 -3.176106749064060430e-01 1.105328755421056824e-02
1.442885771543086193e+01 -2.810578181076210935e-01 4.203683704433179916e-03
1.446893787575150192e+01 -2.452556429192346010e-01 1.071814445931090374e-03
1.450901803607214369e+01 -2.106335321471848876e-01 8.845509530052278262e-05
1.454909819639278545e+01 -1.776154894398622452e-01 5.216922213619102798e-05
1.458917835671342544e+01 -1.466146751370880075e-01 2.335085073756093283e-04
1.462925851703406721e+01 -1.180276161849583005e-01 3.710412983680649694e-04
1.466933867735470898e+01 -9.222820911267776145e-02 5.710365039411710456e-04
1.470941883767535074e+01 -6.956169962410317653e-02 1.142226375406022116e-03
1.474949899799599073e+01 -5.033863776267843981e-02 2.409512692061322684e-03
1.478957915831663250e+01 -3.482916918579690574e-02 4.552647547693058384e-03
1.482965931863727427e+01 -2.325759083620654311e-02 7.507569433926718737e-03
1.486973947895791603e+01 -1.579755695175086988e-02 1.095040341748107320e-02
1.490981963927855602e+01 -1.256793992493799791e-02 1.436299021566466057e-02
1.494989979959919779e+01 -1.362955259115269935e-02 1.715736973862539566e-02
1.498997995991983956e+01 -1.898294203821851087e-02 1.882295640949532486e-02
1.503006012024047955e+01 -2.856715745215786251e-02 1.905526993607578601e-02
1.507014028056112132e+01 -4.225988752552772149e-02 1.783179338702543110e-02
1.511022044088176308e+01 -5.987863773630967140e-02 1.541598653169815557e-02
1.515030060120240485e+01 -8.118334016543721221e-02 1.229050649855236571e-02
1.519038076152304484e+01 -1.058800200926000440e-01 9.039346265886701731e-03
1.523046092184368661e+01 -1.336257027760118787e-01 6.211734275087713031e-03
1.527054108216432837e+01 -1.640343130170928976e-01 4.203261335330660611e-03
1.531062124248497014e+01 -1.966834184527161689e-01 3.183394849750669983e-03
1.535070140280561013e+01 -2.311217667929402475e-01 3.084055490294010295e-03
1.539078156312625190e+01 -2.668771828226096376e-01 3.646600634258102477e-03
1.543086172344689366e+01 -3.034649134521538172e-01 4.509348517435226439e-03
1.547094188376753365e+01 -3.403958409242479610e-01 5.308675120738264551e-03
1.551102204408817542e+01 -3.771847126415344142e-01 5.765950449170825255e-03
1.555110220440881719e+01 -4.133578202443463634e-01 5.739765653543294106e-03
1.559118236472945895e+01 -4.484602327020625334e-01 5.234866245673536547e-03
1.563126252505009894e+01 -4.820622184025047940e-01 4.372388313566346121e-03
1.567134268537074071e+01 -5.137647947576933216e-01 3.335827555246644645e-03
1.571142284569138248e+01 -5.432043994230874029e-01 2.311953904152852686e-03
1.575150300601202424e+01 -5.700563833537016789e-01 1.443585981953717607e-03
1.579158316633266423e+01 -5.940377230074528336e-01 8.051313848503708097e-04
1.583166332665330600e+01 -6.149084644747394579e-01 4.025399103487256451e-04
1.587174348697394777e+01 -6.324725370859238804e-01 1.920819635153420081e-04
1.591182364729458776e+01 -6.465775192928089332e-01 1.076242277779055034e-04
1.595190380761522952e+01 -6.571138652163773797e-01 8.592802112282117873e-05
1.599198396793587129e+01 -6.640135547949821415e-01 8.264207659373180382e-05
1.603206412825651128e+01 -6.672482659113985193e-01 7.659700711062155201e-05
1.607214428857715305e+01 -6.668274987939494247e-01 6.468282280600853645e-05
1.611222444889779482e+01 -6.627963156401469602e-01 5.228993675862868171e-05
1.615230460921843658e+01 -6.552334110651313326e-01 4.457877628687763344e-05
1.619238476953907835e+01 -6.442489895865112226e-01 4.196433490917917899e-05
1.623246492985972012e+01 -6.299830652979367951e-01 4.047319907567744848e-05
1.627254509018035833e+01 -6.126038056108610297e-01 3.524926173481710906e-05
1.631262525050100010e+01 -5.923061673092526735e-01 2.440705220163180293e-05
1.635270541082164186e+01 -5.693107245257448268e-01 1.086694413866218485e-05
1.639278557114228363e+01 -5.438625496096077816e-01 1.260272446569311411e-06
1.643286573146292540e+01 -5.162302792654366312e-01 2.659632651322832507e-06
1.647294589178356716e+01 -4.867049769960944960e-01 1.893314883351485505e-05
1.651302605210420893e+01 -4.555990333013618665e-01 4.857532744751609115e-05
1.655310621242485070e+01 -4.232446390967681826e-01 8.500757436898232877e-05
1.659318637274548891e+01 -3.899920907705551887e-01 1.191093294224418811e-04
1.663326653306613068e+01 -3.562075041149043164e-01 1.427178293387335885e-04
1.667334669338677244e+01 -3.222701760856125919e-01 1.515242400924742710e-04
1.671342685370741421e+01 -2.885692908939747059e-01 1.461906882161147746e-04
1.675350701402805598e+01 -2.555001482143060554e-01 1.314311816421670693e-04
1.679358717434869774e+01 -2.234598160806360312e-01 1.136995367075746880e-04
1.683366733466933951e+01 -1.928422624104530747e-01 9.865821994476246565e-05
1.687374749498997772e+01 -1.640331221366605474e-01 8.954235141776041487e-05
1.691382765531061949e+01 -1.374040242949831070e-01 8.703211163742600456e-05
1.695390781563126126e+01 -1.133068385822491309e-01 9.054957132868739320e-05
1.699398797595190302e+01 -9.206769845065664037e-02 1.004010091138438109e-04
1.703406813627254479e+01 -7.398125565398963599e-02 1.200138094732017567e-04
1.707414829659318656e+01 -5.930502947056515844e-02 1.577380304954694443e-04
1.711422845691382832e+01 -4.825428972614476120e-02 2.280636722550145694e-04
1.715430861723446654e+01 -4.099739028886496134e-02 3.524647604991209041e-04
1.719438877755510831e+01 -3.765191076009639232e-02 5.602423158376373686e-04
1.723446893787575007e+01 -3.828156492272966060e-02 8.896857554618194889e-04
1.727454909819639184e+01 -4.289412579289983429e-02 1.389708196925323620e-03
1.731462925851703361e+01 -5.144036787771923830e-02 2.121994830133847390e-03
1.735470941883767537e+01 -6.381409977333542261e-02 3.163687893196685114e-03
1.739478957915831714e+01 -7.985339541979769029e-02 4.610768409903735418e-03
1.743486973947895891e+01 -9.934281951546267142e-02 6.582391364997593718e-03
1.747494989979959712e+01 -1.220169226174716848e-01 9.226390269925622764e-03
1.751503006012023889e+01 -1.475645134473634323e-01 1.272585144857208382e-02
1.755511022044088065e+01 -1.756340972277350976e-01 1.730610100911120219e-02
1.759519038076152242e+01 -2.058398277980949542e-01 2.324066017318100752e-02
1.763527054108216419e+01 -2.377683068347320183e-01 3.085416801508909443e-02
1.767535070140280595e+01 -2.709856784209219716e-01 4.051968512277050877e-02
1.771543086172344772e+01 -3.050450379691279079e-01 5.264793497940258027e-02
1.775551102204408593e+01 -3.394939815754463575e-01 6.766647188055829876e-02
1.779559118236472770e+01 -3.738818627769912029e-01 8.598762555313289868e-02
1.783567134268536947e+01 -4.077670331921577906e-01 1.079658296623711433e-01
1.787575150300601123e+01 -4.407232773979861684e-01 1.338460921532221570e-01
1.791583166332665300e+01 -4.723460223469562180e-01 1.637078682570587140e-01
1.795591182364729477e+01 -5.022574707550216955e-01 1.974095265862101933e-01
1.799599198396793653e+01 -5.301112032033464816e-01 2.345404840037586536e-01
1.803607214428857475e+01 -5.555957565738637305e-01 2.743879146055764329e-01
1.807615230460921651e+01 -5.784373282632397917e-01 3.159250211554557319e-01
1.811623246492985828e+01 -5.984017322464719735e-01 3.578256256754328568e-01
1.815631262525050005e+01 -6.152952680894808735e-01 3.985081727516971983e-01
1.819639278557114181e+01 -6.289651745759234913e-01 4.362084405683571142e-01
1.823647294589178358e+01 -6.392990238630685829e-01 4.690779294751316053e-01
1.827655310621242535e+01 -6.462239426301268352e-01 4.953017608287151874e-01
1.831663326653306711e+01 -6.497050921105201882e-01 5.132279129898809078e-01
1.835671342685370533e+01 -6.497440506006200156e-01 5.214987126313148647e-01
1.839679358717434710e+01 -6.463769309975557764e-01 5.191741140458074888e-01
1.843687374749498886e+01 -6.396724073562070068e-01 5.058368007819779022e-01
1.847695390781563063e+01 -6.297298974017149220e-01 4.816685124615784908e-01
1.851703406813627240e+01 -6.166776537470199937e-01 4.474876836475470410e-01
1.855711422845691416e+01 -6.006712508280519502e-01 4.047395816634720700e-01
1.859719438877755593e+01 -5.818919946406952981e-01 3.554320336079831999e-01
1.863727454909819414e+01 -5.605457426198038329e-01 3.020144092063092867e-01
1.867735470941883591e+01 -5.368616389065284933e-01 2.472030411405122807e-01
1.871743486973947768e+01 -5.110911137753895161e-01 1.937640646747604278e-01
1.875751503006011944e+01 -4.835067286030793055e-01 1.442734285947736561e-01
1.879759519038076121e+01 -4.544010439702649840e-01 1.008800500850219745e-01
1.883767535070140298e+01 -4.240852368230743075e-01 6.510417011903139872e-02
1.887775551102204474e+01 -3.928874388241157534e-01 3.770079919331797980e-02
1.891783567134268296e+01 -3.611507718791478472e-01 1.861350839660368128e-02
1.895791583166332472e+01 -3.292308064797094813e-01 7.031104334128902324e-03
1.899799599198396649e+01 -2.974927224290980221e-01 1.543719543313274616e-03
1.903807615230460826e+01 -2.663077087247347485e-01 3.779698431022954696e-04
1.907815631262525002e+01 -2.360491041512509380e-01 1.674861668739683783e-03
1.911823647294589179e+01 -2.070877951723008037e-01 3.765393122309946584e-03
1.915831663326653356e+01 -1.797874010694539837e-01 5.397295345461388533e-03
1.919839679358717532e+01 -1.544989666420195917e-01 5.874639806999474266e-03
1.923847695390781354e+01 -1.315555015777441494e-01 5.088192372493589855e-03
1.927855711422845530e+01 -1.112664317474360565e-01 3.435301709155668629e-03
1.931863727454909707e+01 -9.391203866083566720e-02 1.649762635624541863e-03
1.935871743486973884e+01 -7.973822442558158030e-02 5.791833860556942900e-04
1.939879759519038060e+01 -6.895151168728708146e-02 9.571075539082041445e-04
1.943887775551102237e+01 -6.171472200043852385e-02 3.216226916289070641e-03
1.947895791583166414e+01 -5.814317586493603779e-02 7.379025956028606101e-03
1.951903807615230235e+01 -5.830184187742681184e-02 1.304442005013025686e-02
1.955911823647294412e+01 -6.220324410984061358e-02 1.946820852052920381e-02
1.959919839679358589e+01 -6.980650806669481956e-02 2.571529124506932371e-02
1.963927855711422765e+01 -8.101728388611820209e-02 3.084803084959499703e-02
1.967935871743486942e+01 -9.568888621383818405e-02 3.410861767470092093e-02
1.971943887775551119e+01 -1.136243327858878632e-01 3.505765029032942987e-02
1.975951903807615295e+01 -1.345794889921096971e-01 3.364187422260205701e-02
1.979959919839679117e+01 -1.582671134980346006e-01 3.018130407987410641e-02
1.983967935871743293e+01 -1.843616638668888474e-01 2.528351069020201222e-02
1.987975951903807470e+01 -2.125049934064018875e-01 1.970842067980682968e-02
1.991983967935871647e+01 -2.423123312301014576e-01 1.421551458585782954e-02
1.995991983967935823e+01 -2.733790469509916887e-01 9.427630506909298602e-03
2.000000000000000000e+01 -3.052872509029925796e-01 5.737988919971973023e-03
