# time correlation overlap_with_initial
0.000000000000000000e+00 -1.000000000000000000e+00 1.000000000000000000e+00
4.008016032064128098e-02 -9.962343683160541641e-01 9.831816766711823918e-01
8.016032064128256196e-02 -9.849660023099614525e-01 9.343451399680431368e-01
1.202404809619238429e-01 -9.662812186562766970e-01 8.580988246193619329e-01
1.603206412825651239e-01 -9.403257876191242204e-01 7.613482851049869771e-01
2.004008016032063910e-01 -9.073073479318816137e-01 6.522972440672044625e-01
2.404809619238476859e-01 -8.674984147282821523e-01 5.393366326241180175e-01
2.805611222444889807e-01 -8.212396714485059590e-01 4.300242399175100982e-01
3.206412825651302478e-01 -7.689439815021795743e-01 3.303201331273320496e-01
3.607214428857715149e-01 -7.110992713870644133e-01 2.441691091568812255e-01
4.008016032064127820e-01 -6.482707556195235199e-01 1.734468765304050253e-01
4.408817635270541047e-01 -5.811028468810782721e-01 1.182106274258353656e-01
4.809619238476953718e-01 -5.103182536653958490e-01 7.714756100897847413e-02
5.210420841683366389e-01 -4.367154419168639001e-01 4.810245335924865501e-02
5.611222444889779615e-01 -3.611647254446005428e-01 2.857621625991835571e-02
6.012024048096191731e-01 -2.846002620340081779e-01 1.612178368481104879e-02
6.412825651302604957e-01 -2.080099847048974548e-01 8.603567397639812903e-03
6.813627254509018183e-01 -1.324236942115556426e-01 4.322282970965282342e-03
7.214428857715430299e-01 -5.889682574158623674e-02 2.032095151270087423e-03
7.615230460921843525e-01 1.150724281254952158e-02 8.874708007165727029e-04
8.016032064128255641e-01 7.773615528920223283e-02 3.566470498894160871e-04
8.416833667334668867e-01 1.387706725325847101e-01 1.302702737635592510e-04
8.817635270541082093e-01 1.936465054339925884e-01 4.253897606308545688e-05
9.218436873747494209e-01 2.414758187894421038e-01 1.213475959167348681e-05
9.619238476953907435e-01 2.814694546959165544e-01 2.923361504756907738e-06
1.002004008016031955e+00 3.129565724397501136e-01 5.640081752574272125e-07
1.042084168336673278e+00 3.354019082381749506e-01 7.949423249804942208e-08
1.082164328657314600e+00 3.484209647446580016e-01 6.806373794529526953e-09
1.122244488977955923e+00 3.517906852316292632e-01 2.285539138962875772e-10
1.162324649298597246e+00 3.454562132735367608e-01 9.873608286483685623e-12
1.202404809619238346e+00 3.295335370481419224e-01 5.408807012641098054e-13
1.242484969939879669e+00 3.043070734788408394e-01 1.473689542781747827e-12
1.282565130260520991e+00 2.702231485264846578e-01 5.304077462769811839e-12
1.322645290581162314e+00 2.278788833915953993e-01 1.668541029713359245e-11
1.362725450901803637e+00 1.780072872686476737e-01 2.992664236368876875e-11
1.402805611222444737e+00 1.214595852850184343e-01 4.798609606651498467e-11
1.442885771543086060e+00 5.918409629581680709e-02 9.921730844776984004e-11
1.482965931863727382e+00 -7.796046482243397177e-03 2.016422472560868968e-10
1.523046092184368705e+00 -7.840567234983626677e-02 3.439795343611164369e-10
1.563126252505010028e+00 -1.515417542542970841e-01 5.217364503490461321e-10
1.603206412825651128e+00 -2.260958280701703960e-01 7.769124909356965614e-10
1.643286573146292451e+00 -3.009747510084743727e-01 1.186706832214757553e-09
1.683366733466933773e+00 -3.751209622716448755e-01 1.812616104056341822e-09
1.723446893787575096e+00 -4.475289163357009103e-01 2.661682246710374408e-09
1.763527054108216419e+00 -5.172586898249319498e-01 3.691379055140115043e-09
1.803607214428857741e+00 -5.834481112460536689e-01 4.843828246787235539e-09
1.843687374749498842e+00 -6.453204689808644812e-01 6.071887329442742179e-09
1.883767535070140164e+00 -7.021895153513492138e-01 7.338408782517841871e-09
1.923847695390781487e+00 -7.534631018536649405e-01 8.598645432443577958e-09
1.963927855711422810e+00 -7.986431667175369897e-01 9.786048163620720300e-09
2.004008016032063910e+00 -8.373240944310953449e-01 1.081637837173345231e-08
2.044088176352705233e+00 -8.691905098103606120e-01 1.160766234754735441e-08
2.084168336673346555e+00 -8.940129489237254035e-01 1.210177989787967711e-08
2.124248496993987878e+00 -9.116432569675522180e-01 1.227815540032251018e-08
2.164328657314629201e+00 -9.220102931371494392e-01 1.215557387596443389e-08
2.204408817635270523e+00 -9.251150484598501533e-01 1.178388597700667181e-08
2.244488977955911846e+00 -9.210264838915614982e-01 1.123139559376526029e-08
2.284569138276553169e+00 -9.098780973437238240e-01 1.057119153323061857e-08
2.324649298597194491e+00 -8.918649175674283613e-01 9.868991365399247861e-09
2.364729458917835370e+00 -8.672414878935803539e-01 9.174312380468054139e-09
2.404809619238476692e+00 -8.363203249155467534e-01 8.515061073921172528e-09
2.444889779559118015e+00 -7.994711034328956245e-01 7.896361293713448248e-09
2.484969939879759337e+00 -7.571203551092923201e-01 7.303377374531297186e-09
2.525050100200400660e+00 -7.097508025834007306e-01 6.707285757377195606e-09
2.565130260521041983e+00 -6.579011296578396450e-01 6.074253860195025219e-09
2.605210420841683305e+00 -6.021653005107877599e-01 5.375195152755144556e-09
2.645290581162324628e+00 -5.431904209300387754e-01 4.593234302230473904e-09
2.685370741482965951e+00 -4.816744957037618069e-01 3.727064705026404351e-09
2.725450901803607273e+00 -4.183627099072515509e-01 2.789754883742962113e-09
2.765531062124248596e+00 -3.540413636239949091e-01 1.809615767127251961e-09
2.805611222444889474e+00 -2.895313380416565940e-01 8.537123677412785465e-10
2.845691382765530797e+00 -2.256794694812909730e-01 1.226483188207334467e-10
2.885771543086172120e+00 -1.633473367212894822e-01 2.350480838232845308e-10
2.925851703406813442e+00 -1.033998940021581131e-01 2.988476004857999860e-09
2.965931863727454765e+00 -4.669210101375690508e-02 1.328306950898615720e-08
3.006012024048096087e+00 5.947464051407686664e-03 4.380600938024346108e-08
3.046092184368737410e+00 5.373077841797116450e-02 1.260488025363645447e-07
3.086172344689378733e+00 9.592528634890877537e-02 3.352679723474496452e-07
3.126252505010020055e+00 1.318713038490082201e-01 8.448948491934765173e-07
3.166332665330661378e+00 1.609954400794633145e-01 2.040376119229184524e-06
3.206412825651302256e+00 1.828252255595424758e-01 4.747737779404641422e-06
3.246492985971943579e+00 1.970011370588343746e-01 1.067382894403101088e-05
3.286573146292584902e+00 2.032859079766789756e-01 2.321947330239481743e-05
3.326653306613226224e+00 2.015717008026774448e-01 4.892000093793123685e-05
3.366733466933867547e+00 1.918843504386768539e-01 9.989205900585845235e-05
3.406813627254508869e+00 1.743839926870716095e-01 1.978143108813072292e-04
3.446893787575150192e+00 1.493627582821452637e-01 3.801239217105639441e-04
3.486973947895791515e+00 1.172390093379139658e-01 7.092233568616391256e-04
3.527054108216432837e+00 7.854850464608389982e-02 1.285493716053053188e-03
3.567134268537074160e+00 3.393285269337817378e-02 2.264700834931161668e-03
3.607214428857715482e+00 -1.587481314201055760e-02 3.879827421928239498e-03
3.647294589178356361e+00 -7.006565383663945767e-02 6.466391800858713700e-03
3.687374749498997684e+00 -1.277725081158936071e-01 1.048880975732093337e-02
3.727454909819639006e+00 -1.880884849348133658e-01 1.656339373723257624e-02
3.767535070140280329e+00 -2.500850040170491950e-01 2.547150239666598481e-02
3.807615230460921651e+00 -3.128298835716226134e-01 3.815432035155442297e-02
3.847695390781562974e+00 -3.754048817648238390e-01 5.567971379031841361e-02
3.887775551102204297e+00 -4.369209484436301638e-01 7.917242274631317023e-02
3.927855711422845619e+00 -4.965323239703686720e-01 1.097016186344714761e-01
3.967935871743486942e+00 -5.534488664674469538e-01 1.481260564393515611e-01
4.008016032064127820e+00 -6.069452654541281911e-01 1.949058976634067408e-01
4.048096192384769587e+00 -6.563686709966787269e-01 2.499004048091750252e-01
4.088176352705410466e+00 -7.011442348849825645e-01 3.121817763929377598e-01
4.128256513026052232e+00 -7.407777843022255171e-01 3.799026611807469478e-01
4.168336673346693111e+00 -7.748572666315215463e-01 4.502571002849627413e-01
4.208416833667334878e+00 -8.030526096375397715e-01 5.195691216026114834e-01
4.248496993987975756e+00 -8.251137233978167451e-01 5.835266691606725287e-01
4.288577154308616635e+00 -8.408680592364433659e-01 6.375565493805104289e-01
4.328657314629258401e+00 -8.502174769585481018e-01 6.773071123275248295e-01
4.368737474949899280e+00 -8.531344703344776459e-01 6.991769048679874476e-01
4.408817635270541047e+00 -8.496586658936888803e-01 7.008100041769017574e-01
4.448897795591181925e+00 -8.398934046261101738e-01 6.814706445936392631e-01
4.488977955911823692e+00 -8.240025832448253373e-01 6.422219361164810403e-01
4.529058116232464570e+00 -8.022080223131525800e-01 5.858633946101931000e-01
4.569138276553106337e+00 -7.747872247181841754e-01 5.166226408798052505e-01
4.609218436873747216e+00 -7.420716935563614891e-01 4.396445820960087070e-01
4.649298597194388982e+00 -7.044454305974765518e-01 3.603596237038502181e-01
4.689378757515029861e+00 -6.623435925512634048e-01 2.838379092666122316e-01
4.729458917835670739e+00 -6.162514208892794221e-01 2.142384506224211116e-01
4.769539078156312506e+00 -5.667025494438772126e-01 1.544379488522290289e-01
4.809619238476953385e+00 -5.142768931454727577e-01 1.058876673007977803e-01
4.849699398797595151e+00 -4.595982076007845141e-01 6.869731308068456610e-02
4.889779559118236030e+00 -4.033301207883291939e-01 4.190006258370151254e-02
4.929859719438877796e+00 -3.461711940639972673e-01 2.382490861478209210e-02
4.969939879759518675e+00 -2.888491356432509316e-01 1.249089486276085126e-02
5.010020040080160442e+00 -2.321129111752749385e-01 5.948689367716779829e-03
5.050100200400801320e+00 -1.767237480639604341e-01 2.520812096106802083e-03
5.090180360721443087e+00 -1.234452310310203416e-01 9.232906235608602866e-04
5.130260521042083965e+00 -7.303139757802956655e-02 2.810467181507541614e-04
5.170340681362724844e+00 -2.621424778183837831e-02 6.868575926492150768e-05
5.210420841683366611e+00 1.630908132837738389e-02 1.519268189224762605e-05
5.250501002004007489e+00 5.389025946005890355e-02 6.378380269169860699e-06
5.290581162324649256e+00 8.594317303289211729e-02 7.086447143269315022e-06
5.330661322645290134e+00 1.119565865031260793e-01 1.153830105958962372e-05
5.370741482965931901e+00 1.315064989038666476e-01 1.924688052646282070e-05
5.410821643286572780e+00 1.442666258875113239e-01 2.806166375017332516e-05
5.450901803607214546e+00 1.500169539526546858e-01 3.511019079287631083e-05
5.490981963927855425e+00 1.486505414867754504e-01 3.900090686342608172e-05
5.531062124248497192e+00 1.401774492506279723e-01 4.035442760562136930e-05
5.571142284569138070e+00 1.247260045890062480e-01 4.066916824915562165e-05
5.611222444889778949e+00 1.025414137867937669e-01 4.084559930389729292e-05
5.651302605210420715e+00 7.398134726821140039e-02 4.054721584683114135e-05
5.691382765531061594e+00 3.950895019617789439e-02 3.868939332144374183e-05
5.731462925851703361e+00 -3.167899640809188760e-04 3.453201941027614184e-05
5.771543086172344239e+00 -4.485285947891822639e-02 2.856281863920178177e-05
5.811623246492986006e+00 -9.338566038662685087e-02 2.262315517396209941e-05
5.851703406813626884e+00 -1.451462240976865159e-01 1.924734226581186736e-05
5.891783567134268651e+00 -1.993260448665474804e-01 2.062170984677931922e-05
5.931863727454909530e+00 -2.550931012751976867e-01 2.770004569414459008e-05
5.971943887775551296e+00 -3.116083379496476513e-01 3.984919710656045446e-05
6.012024048096192175e+00 -3.680410786366742348e-01 5.509015591764483932e-05
6.052104208416833053e+00 -4.235832792650123246e-01 7.073841884738751808e-05
6.092184368737474820e+00 -4.774630658786618298e-01 8.414245741072775187e-05
6.132264529058115698e+00 -5.289560108083349865e-01 9.326309488983929052e-05
6.172344689378757465e+00 -5.773944908525727726e-01 9.697868511198367062e-05
6.212424849699398344e+00 -6.221757290076492808e-01 9.512574421575131615e-05
6.252505010020040110e+00 -6.627672340651604710e-01 8.835327442462009872e-05
6.292585170340680989e+00 -6.987103450378083780e-01 7.788196773889113325e-05
6.332665330661322756e+00 -7.296225422484997614e-01 6.522869640734004523e-05
6.372745490981963634e+00 -7.551976339805777094e-01 5.193809030768974197e-05
6.412825651302604513e+00 -7.752046826967758930e-01 3.935102316335123163e-05
6.452905811623246279e+00 -7.894862473159243166e-01 2.843611374346129492e-05
6.492985971943887158e+00 -7.979554445029004572e-01 1.971303853956424604e-05
6.533066132264528925e+00 -8.005925962616843305e-01 1.327271659964819595e-05
6.573146292585169803e+00 -7.974418179155432496e-01 8.876314673867935400e-06
6.613226452905811570e+00 -7.886073687446175651e-01 6.098224460955768804e-06
6.653306613226452448e+00 -7.742502267470710020e-01 4.466001467002217131e-06
6.693386773547094215e+00 -7.545849425314110626e-01 3.562715706100987725e-06
6.733466933867735094e+00 -7.298768328414511064e-01 3.078463322032310898e-06
6.773547094188376860e+00 -7.004395638143047220e-01 2.815471524682322329e-06
6.813627254509017739e+00 -6.666328887709249695e-01 2.664665823790337101e-06
6.853707414829658617e+00 -6.288607973787596617e-01 2.573590320736611034e-06
6.893787575150300384e+00 -5.875697261143051353e-01 2.518876731442580340e-06
6.933867735470941263e+00 -5.432463953699860904e-01 2.488967742162704329e-06
6.973947895791583029e+00 -4.964157354557691693e-01 2.476848098465433947e-06
7.014028056112223908e+00 -4.476382558886785046e-01 2.479526679768455440e-06
7.054108216432865675e+00 -3.975063711415121603e-01 2.501192404700584608e-06
7.094188376753506553e+00 -3.466403903084890326e-01 2.558191071112059739e-06
7.134268537074148320e+00 -2.956833836480190492e-01 2.684778085658889696e-06
7.174348697394789198e+00 -2.452945500481730212e-01 2.938715126653949611e-06
7.214428857715430965e+00 -1.961420648810134615e-01 3.405360700755878854e-06
7.254509018036071843e+00 -1.488946319657362127e-01 4.198605080526952458e-06
7.294589178356712722e+00 -1.042116026168397047e-01 5.458054463465561473e-06
7.334669338677354489e+00 -6.273287559539644787e-02 7.346112816519736629e-06
7.374749498997995367e+00 -2.506791634172138988e-02 1.005819489586118466e-05
7.414829659318637134e+00 8.215958265019557283e-03 1.387507163366071731e-05
7.454909819639278012e+00 3.660471817039525483e-02 1.930913548741038154e-05
7.494989979959919779e+00 5.964869887778008473e-02 2.742457116378129014e-05
7.535070140280560658e+00 7.697325578165394033e-02 4.044041897525746143e-05
7.575150300601202424e+00 8.828781204228366986e-02 6.275469298160550548e-05
7.615230460921843303e+00 9.339370980519075272e-02 1.025495589590498053e-04
7.655310621242485070e+00 9.219043620649121362e-02 1.741538442032955914e-04
7.695390781563125948e+00 8.467942555222608692e-02 3.013541764941412302e-04
7.735470941883766827e+00 7.096579897951760252e-02 5.218524830197207413e-04
7.775551102204408593e+00 5.125773052416894571e-02 8.930791466636874530e-04
7.815631262525049472e+00 2.586320760230276586e-02 1.499567708016485545e-03
7.855711422845691239e+00 -4.815476660997369644e-03 2.462056268190720293e-03
7.895791583166332117e+00 -4.028956753208657454e-02 3.948360306864157065e-03
7.935871743486973884e+00 -7.999366688073399068e-02 6.185786142853076132e-03
7.975951903807614762e+00 -1.232972569377735611e-01 9.474368198357520018e-03
8.016032064128255641e+00 -1.695177417111433937e-01 1.419943498255639772e-02
8.056112224448897408e+00 -2.179341988366548521e-01 2.084103246381631760e-02
8.096192384769539174e+00 -2.678017431073110299e-01 2.997655655990895049e-02
8.136272545090179165e+00 -3.183661540881188579e-01 4.227189188387051738e-02
8.176352705410820931e+00 -3.688777833062306111e-01 5.845594212092992265e-02
8.216432865731462698e+00 -4.186049107587042073e-01 7.927362288673865665e-02
8.256513026052104465e+00 -4.668461923720363393e-01 1.054141787286816817e-01
8.296593186372744455e+00 -5.129413124936187396e-01 1.374150833727031673e-01
8.336673346693386222e+00 -5.562803087037573313e-01 1.755461120124764962e-01
8.376753507014027988e+00 -5.963113250377017893e-01 2.196842096224618235e-01
8.416833667334669755e+00 -6.325461875509668097e-01 2.691953704615801524e-01
8.456913827655309746e+00 -6.645644922370916863e-01 3.228440090513325922e-01
8.496993987975951512e+00 -6.920161259385088082e-01 3.787527381033505280e-01
8.537074148296593279e+00 -7.146219340524139207e-01 4.344329636599278954e-01
8.577154308617233269e+00 -7.321732878210032158e-01 4.869007993472831974e-01
8.617234468937875036e+00 -7.445306069346292466e-01 5.328821871345750250e-01
8.657314629258516803e+00 -7.516207915419637065e-01 5.690960959030505473e-01
8.697394789579158569e+00 -7.534341924200763652e-01 5.925904951619535010e-01
8.737474949899798560e+00 -7.500212357058965162e-01 6.010911227639392784e-01
8.777555110220440326e+00 -7.414887628074375847e-01 5.933132043824149715e-01
8.817635270541082093e+00 -7.279964414774318104e-01 5.691854999652168345e-01
8.857715430861723860e+00 -7.097533541866459794e-01 5.299420580734499620e-01
8.897795591182363850e+00 -6.870148135942764078e-01 4.780541269696903517e-01
8.937875751503005617e+00 -6.600794209011008329e-01 4.169988023522520626e-01
8.977955911823647384e+00 -6.292864342141427647e-01 3.508884818237245629e-01
9.018036072144287374e+00 -5.950134312680503967e-01 2.840120825803046922e-01
9.058116232464929141e+00 -5.576739667284683621e-01 2.203561682872146044e-01
9.098196392785570907e+00 -5.177152819884802692e-01 1.631817919402643591e-01
9.138276553106212674e+00 -4.756160048384653338e-01 1.147241493532095563e-01
9.178356713426852664e+00 -4.318833229700633214e-01 7.605824971994763761e-02
9.218436873747494431e+00 -3.870497590114494457e-01 4.714384889585807731e-02
9.258517034068136198e+00 -3.416695065731131797e-01 2.702718800836951055e-02
9.298597194388777964e+00 -2.963137333788094518e-01 1.414784684459432541e-02
9.338677354709417955e+00 -2.515651444853611030e-01 6.683565838703752100e-03
9.378757515030059722e+00 -2.080118630103051369e-01 2.864525461624068542e-03
9.418837675350701488e+00 -1.662400903443504996e-01 1.204010900201718439e-03
9.458917835671341479e+00 -1.268260685139318000e-01 6.183794561028558515e-04
9.498997995991983245e+00 -9.032753494488755808e-02 4.382639926420227121e-04
9.539078156312625012e+00 -5.727427597638998918e-02 3.374945879477226035e-04
9.579158316633266779e+00 -2.815851857000715650e-02 2.199529499286068416e-04
9.619238476953906769e+00 -3.425446028836496952e-03 1.051656058267632542e-04
9.659318637274548536e+00 1.653639161428581417e-02 4.260769413784727238e-05
9.699398797595190302e+00 3.140393073647306660e-02 6.768151491700794909e-05
9.739478957915832069e+00 4.092743142246638155e-02 1.951708906288874700e-04
9.779559118236472059e+00 4.493741314903609146e-02 4.344196496502404116e-04
9.819639278557113826e+00 4.334993460997062925e-02 8.072214792621942771e-04
9.859719438877755593e+00 3.617007177436436238e-02 1.353968476983686371e-03
9.899799599198395583e+00 2.349367685654405596e-02 2.122959359586036945e-03
9.939879759519037350e+00 5.506950026144855417e-03 3.147340030303102682e-03
9.979959919839679117e+00 -1.751609964801183542e-02 4.420267712297340328e-03
1.002004008016032088e+01 -4.521818735261518007e-02 5.879755893634774216e-03
1.006012024048096087e+01 -7.716533670988601212e-02 7.410243138730332295e-03
1.010020040080160264e+01 -1.128552188995405603e-01 8.861230328046193830e-03
1.014028056112224441e+01 -1.517270895272037901e-01 1.007706882870926246e-02
1.018036072144288617e+01 -1.931729737245057865e-01 1.092815924426381903e-02
1.022044088176352616e+01 -2.365496877974809786e-01 1.133447581228724972e-02
1.026052104208416793e+01 -2.811915569001169346e-01 1.127580461775557624e-02
1.030060120240480970e+01 -3.264232062880141894e-01 1.078789656461691567e-02
1.034068136272544969e+01 -3.715720586184237950e-01 9.948256190142956007e-03
1.038076152304609145e+01 -4.159804985133356281e-01 8.857333117958417559e-03
1.042084168336673322e+01 -4.590170117523866278e-01 7.620732857794150668e-03
1.046092184368737499e+01 -5.000861139374987996e-01 6.336057915441908016e-03
1.050100200400801498e+01 -5.386371904870518312e-01 5.085284625926871777e-03
1.054108216432865675e+01 -5.741716727612078408e-01 3.931722156623252036e-03
1.058116232464929851e+01 -6.062485987882878513e-01 2.919655062268564170e-03
1.062124248496994028e+01 -6.344888359209740480e-01 2.075032465123723049e-03
1.066132264529058027e+01 -6.585776156427208816e-01 1.406648413401386617e-03
1.070140280561122204e+01 -6.782656086786179594e-01 9.079104653381462166e-04
1.074148296593186380e+01 -6.933689037041322889e-01 5.596345174557000764e-04
1.078156312625250379e+01 -7.037677759792994037e-01 3.341451250405522329e-04
1.082164328657314556e+01 -7.094045280525660413e-01 2.002211476248023762e-04
1.086172344689378733e+01 -7.102807503783921117e-01 1.279858029311686308e-04
1.090180360721442909e+01 -7.064540634520828366e-01 9.274261916916880428e-05
1.094188376753506908e+01 -6.980345401253358339e-01 7.699713931840295963e-05
1.098196392785571085e+01 -6.851810491480149201e-01 7.052049770427908494e-05
1.102204408817635262e+01 -6.680976704448768899e-01 6.889512532864398473e-05
1.106212424849699438e+01 -6.470302017183947596e-01 7.130190723705871281e-05
1.110220440881763437e+01 -6.222628398221687895e-01 7.834241792284471733e-05
1.114228456913827614e+01 -5.941152076751965438e-01 9.045187453476917852e-05
1.118236472945891791e+01 -5.629395415433289251e-01 1.071045815318377362e-04
1.122244488977955790e+01 -5.291179667094308980e-01 1.267235770200330182e-04
1.126252505010019966e+01 -4.930600296559211060e-01 1.470412979653503002e-04
1.130260521042084143e+01 -4.552001416710055315e-01 1.656382529461667677e-04
1.134268537074148320e+01 -4.159947591688581969e-01 1.804479986364987735e-04
1.138276553106212319e+01 -3.759194959544839287e-01 1.901001776071055763e-04
1.142284569138276495e+01 -3.354657569743900725e-01 1.940502858096108149e-04
1.146292585170340672e+01 -2.951367038419343003e-01 1.924889608072209387e-04
1.150300601202404849e+01 -2.554428386852757304e-01 1.860701100003385217e-04
1.154308617234468848e+01 -2.168968383792496402e-01 1.755423721993486740e-04
1.158316633266533024e+01 -1.800075276394142720e-01 1.614018514296981029e-04
1.162324649298597201e+01 -1.452734263561910599e-01 1.437133030706835238e-04
1.166332665330661200e+01 -1.131756238458942604e-01 1.222238797492742419e-04
1.170340681362725377e+01 -8.417000643315496189e-02 9.683769328986698401e-05
1.174348697394789554e+01 -5.867942544020434553e-02 6.845393235299965891e-05
1.178356713426853730e+01 -3.708569327692796264e-02 4.008034261881737324e-05
1.182364729458917729e+01 -1.972156650655034968e-02 1.808381982325522457e-05
1.186372745490981906e+01 -6.863375475061350185e-03 1.343504108333070979e-05
1.190380761523046083e+01 1.275732151832244601e-03 4.282282266758024843e-05
1.194388777555110259e+01 4.551717403715870025e-03 1.296146247055100418e-04
1.198396793587174258e+01 2.894159443217914508e-03 3.047750625167366012e-04
1.202404809619238435e+01 -3.690603201855429706e-03 6.080382950314178973e-04
1.206412825651302612e+01 -1.511786217079320177e-02 1.089847189372639006e-03
1.210420841683366611e+01 -3.122481679252058634e-02 1.814715407208730008e-03
1.214428857715430787e+01 -5.177259381808508448e-02 2.866748995475180278e-03
1.218436873747494964e+01 -7.645002577258967758e-02 4.357876755809270315e-03
1.222444889779559141e+01 -1.048792235984789684e-01 6.438880495526298070e-03
1.226452905811623140e+01 -1.366226818084027017e-01 9.312560897279269223e-03
1.230460921843687316e+01 -1.711917644207456290e-01 1.324728050051752690e-02
1.234468937875751493e+01 -2.080563037140249205e-01 1.858811324457535982e-02
1.238476953907815670e+01 -2.466549949041563772e-01 2.576179892821221784e-02
1.242484969939879669e+01 -2.864063306539151310e-01 3.527128417091511536e-02
1.246492985971943845e+01 -3.267196270278497350e-01 4.767615260669811478e-02
1.250501002004008022e+01 -3.670058807335013773e-01 6.355627681883030400e-02
1.254509018036072021e+01 -4.066882161324890665e-01 8.345842387034425880e-02
1.258517034068136198e+01 -4.452114638465866081e-01 1.078283571573041555e-01
1.262525050100200374e+01 -4.820507708899361421e-01 1.369336706207401333e-01
1.266533066132264551e+01 -5.167191285650046817e-01 1.707853366605625589e-01
1.270541082164328550e+01 -5.487734886906083798e-01 2.090671928450158756e-01
1.274549098196392727e+01 -5.778195659795493100e-01 2.510828597566876486e-01
1.278557114228456904e+01 -6.035153914114839147e-01 2.957286723595641265e-01
1.282565130260520903e+01 -6.255734649778537104e-01 3.414990292619451973e-01
1.286573146292585079e+01 -6.437617543191966885e-01 3.865284040413785038e-01
1.290581162324649256e+01 -6.579037512510482744e-01 4.286718941665429439e-01
1.294589178356713433e+01 -6.678775665642889825e-01 4.656236987381898174e-01
1.298597194388777432e+01 -6.736143482243179825e-01 4.950705365687983472e-01
1.302605210420841608e+01 -6.750962938042464057e-01 5.148739144999054940e-01
1.306613226452905785e+01 -6.723542728105665889e-01 5.232701319346518831e-01
1.310621242484969962e+01 -6.654652676887334861e-01 5.190714324229032117e-01
1.314629258517033961e+01 -6.545498693911201427e-01 5.018454676815137239e-01
1.318637274549098137e+01 -6.397697927435500587e-01 4.720447058049858091e-01
1.322645290581162314e+01 -6.213254760570603441e-01 4.310570748385739170e-01
1.326653306613226313e+01 -5.994539115238602944e-01 3.811536300326161530e-01
1.330661322645290490e+01 -5.744265899945697473e-01 3.253213086768912410e-01
1.334669338677354666e+01 -5.465474797405321938e-01 2.669877071101295907e-01
1.338677354709418843e+01 -5.161510979416514822e-01 2.096664442783455484e-01
1.342685370741482842e+01 -4.836005071883492934e-01 1.565723249138166184e-01
1.346693386773547019e+01 -4.492850649452880818e-01 1.102671129220744034e-01
1.350701402805611195e+01 -4.136179429104979710e-01 7.239795029572951290e-02
1.354709418837675372e+01 -3.770332666281834277e-01 4.357653820799784611e-02
1.358717434869739371e+01 -3.399826868339053121e-01 2.342019065536969299e-02
1.362725450901803548e+01 -3.029314229083773791e-01 1.074448595897563655e-02
1.366733466933867724e+01 -2.663537212918940522e-01 3.864919661986297023e-03
1.370741482965931723e+01 -2.307275900414549330e-01 9.428500718536062496e-04
1.374749498997995900e+01 -1.965289313113940117e-01 3.047278214922970099e-04
1.378757515030060077e+01 -1.642251548391934768e-01 6.733967023038392582e-04
1.382765531062124253e+01 -1.342682185032710029e-01 1.274959520084891374e-03
1.386773547094188253e+01 -1.070873263842592599e-01 1.816589539712587303e-03
1.390781563126252429e+01 -8.308150585581589032e-02 2.361415132216545393e-03
1.394789579158316606e+01 -6.261208701241410823e-02 3.148139656577441606e-03
1.398797595190380783e+01 -4.599540328614015738e-02 4.410496868548469118e-03
1.402805611222444782e+01 -3.349601407898266520e-02 6.243920779823846148e-03
1.406813627254508958e+01 -2.532050072997192591e-02 8.547678538038989624e-03
1.410821643286573135e+01 -2.161217339684406297e-02 1.104609460901049070e-02
1.414829659318637134e+01 -2.244696823850385672e-02 1.336994560093359048e-02
1.418837675350701311e+01 -2.783054042578590390e-02 1.516472740670097435e-02
1.422845691382765487e+01 -3.769681389589048248e-02 1.618881142673590096e-02
1.426853707414829664e+01 -5.190814032073342438e-02 1.637234844731316752e-02
1.430861723446893663e+01 -7.025696233770410692e-02 1.582274851202492699e-02
1.434869739478957840e+01 -9.246908698992094278e-02 1.478008501230620823e-02
1.438877755511022016e+01 -1.182085305112296481e-01 1.354042067956792890e-02
1.442885771543086193e+01 -1.470836991467724397e-01 1.237246684159030302e-02
1.446893787575150192e+01 -1.786548376267336480e-01 1.145237239029801846e-02
1.450901803607214369e+01 -2.124425226713599624e-01 1.083308194151613377e-02
1.454909819639278545e+01 -2.479368786293330851e-01 1.045256796951761664e-02
1.458917835671342544e+01 -2.846073285005991660e-01 1.017320072455403512e-02
1.462925851703406721e+01 -3.219125506990405117e-01 9.836275301024740084e-03
1.466933867735470898e+01 -3.593103240504685325e-01 9.313518602535139634e-03
1.470941883767535074e+01 -3.962670653790482667e-01 8.541072958023358808e-03
1.474949899799599073e+01 -4.322667318828072869e-01 7.529172758143485265e-03
1.478957915831663250e+01 -4.668188802838498797e-01 6.349134130732985402e-03
1.482965931863727427e+01 -4.994657899799754275e-01 5.106030477221482934e-03
1.486973947895791603e+01 -5.297884129250002294e-01 3.907983985149252396e-03
1.490981963927855602e+01 -5.574111198828780589e-01 2.841574772925846513e-03
1.494989979959919779e+01 -5.820053127465877330e-01 1.958918309537917030e-03
1.498997995991983956e+01 -6.032917846042837873e-01 1.276739327144725197e-03
1.503006012024047955e+01 -6.210419759931793404e-01 7.839869659148850480e-04
1.507014028056112132e+01 -6.350783382123320608e-01 4.529944706443634543e-04
1.511022044088176308e+01 -6.452737656107320197e-01 2.496737911015716274e-04
1.515030060120240485e+01 -6.515503592270472932e-01 1.403187874216009663e-04
1.519038076152304484e+01 -6.538777845167462743e-01 9.485001515187174291e-05
1.523046092184368661e+01 -6.522711884356340306e-01 8.773467609942791874e-05
1.527054108216432837e+01 -6.467889538730151600e-01 9.816087288833612442e-05
1.531062124248497014e+01 -6.375304961465034781e-01 1.104560348897114550e-04
1.535070140280561013e+01 -6.246340028489353324e-01 1.147917537956683330e-04
1.539078156312625190e+01 -6.082743252349432916e-01 1.075819867197655991e-04
1.543086172344689366e+01 -5.886610934344943535e-01 9.091136691801293809e-05
1.547094188376753365e+01 -5.660368743015431470e-01 7.075606793125153733e-05
1.551102204408817542e+01 -5.406754732962323340e-01 5.437186011269838843e-05
1.555110220440881719e+01 -5.128803163301518531e-01 4.766000508681853394e-05
1.559118236472945895e+01 -4.829826881379845060e-01 5.333573704780325255e-05
1.563126252505009894e+01 -4.513398411739458771e-01 7.038533126626303493e-05
1.567134268537074071e+01 -4.183328390712334754e-01 9.478551840875608933e-05
1.571142284569138248e+01 -3.843639458400644471e-01 1.210274448496334669e-04
1.575150300601202424e+01 -3.498535434905017949e-01 1.438138475871246589e-04
1.579158316633266423e+01 -3.152364691404176411e-01 1.593872409304260111e-04
1.583166332665330600e+01 -2.809576915092070193e-01 1.662090978498255531e-04
1.587174348697394777e+01 -2.474673375214136439e-01 1.649777994925906638e-04
1.591182364729458776e+01 -2.152150742200110711e-01 1.581597708942004998e-04
1.595190380761522952e+01 -1.846439100552317303e-01 1.492670821923147955e-04
1.599198396793587129e+01 -1.561834865926046145e-01 1.420962278518967227e-04
1.603206412825651128e+01 -1.302430177892758278e-01 1.401263995275716366e-04
1.607214428857715305e+01 -1.072040639800719009e-01 1.462729405821213834e-04
1.611222444889779482e+01 -8.741326134598399744e-02 1.632214625481615445e-04
1.615230460921843658e+01 -7.117528933821316850e-02 1.945856161029489804e-04
1.619238476953907835e+01 -5.874631352369562992e-02 2.470592887247093365e-04
1.623246492985972012e+01 -5.032802414591827644e-02 3.335836893912377072e-04
1.627254509018035833e+01 -4.606259888037672612e-02 4.773453237133391792e-04
1.631262525050100010e+01 -4.602877772537932594e-02 7.161750701947233993e-04
1.635270541082164186e+01 -5.023910150051293100e-02 1.106757781803732309e-03
1.639278557114228363e+01 -5.863859062618925755e-02 1.728029338157737555e-03
1.643286573146292540e+01 -7.110491148578948484e-02 2.683213180899309686e-03
1.647294589178356716e+01 -8.744995947287140248e-02 4.100233270919339049e-03
1.651302605210420893e+01 -1.074230104847942596e-01 6.130606815753890902e-03
1.655310621242485070e+01 -1.307152992308060757e-01 8.947359260063986186e-03
1.659318637274548891e+01 -1.569658233701800853e-01 1.274294055718544309e-02
1.663326653306613068e+01 -1.857683846506255065e-01 1.772827981758916260e-02
1.667334669338677244e+01 -2.166795491271188145e-01 2.413407437850463230e-02
1.671342685370741421e+01 -2.492272471308294990e-01 3.221477168240369227e-02
1.675350701402805598e+01 -2.829199309855697231e-01 4.225454397258770339e-02
1.679358717434869774e+01 -3.172558636379614883e-01 5.457304161831070394e-02
1.683366733466933951e+01 -3.517322788668169053e-01 6.952681643578574600e-02
1.687374749498997772e+01 -3.858543232790817568e-01 8.750107404914839182e-02
1.691382765531061949e+01 -4.191433387233722274e-01 1.088856708361789216e-01
1.695390781563126126e+01 -4.511443547610870519e-01 1.340302503372142184e-01
1.699398797595190302e+01 -4.814327729161496094e-01 1.631766560980416059e-01
1.703406813627254479e+01 -5.096198715768605059e-01 1.963708082977900782e-01
1.707414829659318656e+01 -5.353572052552387772e-01 2.333628111693609730e-01
1.711422845691382832e+01 -5.583399830525795915e-01 2.735103422338174828e-01
1.715430861723446654e+01 -5.783091709691315918e-01 3.157047212417525284e-01
1.719438877755510831e+01 -5.950526031375042990e-01 3.583419429027770442e-01
1.723446893787575007e+01 -6.084052551918263108e-01 3.993577755692016562e-01
1.727454909819639184e+01 -6.182485360874550029e-01 4.363391677504254718e-01
1.731462925851703361e+01 -6.245090271165386620e-01 4.667127583488410170e-01
1.735470941883767537e+01 -6.271568033580648960e-01 4.879956483189326066e-01
1.739478957915831714e+01 -6.262032650008008128e-01 4.980806697844128439e-01
1.743486973947895891e+01 -6.216989332960628500e-01 4.955162899970062540e-01
1.747494989979959712e+01 -6.137312337425033792e-01 4.797361217083260798e-01
1.751503006012023889e+01 -6.024222180523605141e-01 4.511975117443779992e-01
1.755511022044088065e+01 -5.879265858912572362e-01 4.113991466040131662e-01
1.759519038076152242e+01 -5.704298645288548020e-01 3.627667003046386451e-01
1.763527054108216419e+01 -5.501466992132992839e-01 3.084167244579528733e-01
1.767535070140280595e+01 -5.273194477495584120e-01 2.518295049236388139e-01
1.771543086172344772e+01 -5.022167959917610558e-01 1.964774539010316345e-01
1.775551102204408593e+01 -4.751323630500129958e-01 1.454613511122336833e-01
1.779559118236472770e+01 -4.463833192896900504e-01 1.012058197811766813e-01
1.783567134268536947e+01 -4.163086851183430137e-01 6.525428814535227939e-02
1.787575150300601123e+01 -3.852673359877530346e-01 3.818623137196015815e-02
1.791583166332665300e+01 -3.536356251696038955e-01 1.966165633002299462e-02
1.795591182364729477e+01 -3.218043660394472871e-01 8.578613982601063573e-03
1.799599198396793653e+01 -2.901752935768012742e-01 3.314604137701029039e-03
1.803607214428857475e+01 -2.591568908611884270e-01 2.013293456332376601e-03
1.807615230460921651e+01 -2.291594946526716581e-01 2.873197511830927545e-03
1.811623246492985828e+01 -2.005899001444732266e-01 4.396561071596759122e-03
1.815631262525050005e+01 -1.738453963161985250e-01 5.563337897611138859e-03
1.819639278557114181e+01 -1.493073518417602497e-01 5.906857270104101144e-03
1.823647294589178358e+01 -1.273346335661139084e-01 5.483531618498253303e-03
1.827655310621242535e+01 -1.082568631053336811e-01 4.746984890801659966e-03
1.831663326653306711e+01 -9.236779370500269870e-02 4.354726468160839692e-03
1.835671342685370533e+01 -7.991907602872394545e-02 4.949038376759300195e-03
1.839679358717434710e+01 -7.111447235571567715e-02 6.959819868981979157e-03
1.843687374749498886e+01 -6.610486201996465527e-02 1.047267603762839193e-02
1.847695390781563063e+01 -6.498420553147295220e-02 1.519093549834413075e-02
1.851703406813627240e+01 -6.778652981635918673e-02 2.049761424651685288e-02
1.855711422845691416e+01 -7.448421950560413229e-02 2.559844785065416850e-02
1.859719438877755593e+01 -8.498761187898330738e-02 2.970704201641509445e-02
1.863727454909819414e+01 -9.914591137222333872e-02 3.222256015157317494e-02
1.867735470941883591e+01 -1.167495610039312459e-01 3.285435595366860417e-02
1.871743486973947768e+01 -1.375338752963522759e-01 3.166407238090945125e-02
1.875751503006011944e+01 -1.611838896815777356e-01 2.901959385260170429e-02
1.879759519038076121e+01 -1.873403853729933011e-01 2.548017419824123719e-02
1.883767535070140298e+01 -2.156067346908954185e-01 2.164918525116953096e-02
1.887775551102204474e+01 -2.455564979432325878e-01 1.803700093447180991e-02
1.891783567134268296e+01 -2.767415824677975644e-01 1.496894791972458102e-02
1.895791583166332472e+01 -3.087005298673872189e-01 1.255618005228397067e-02
1.899799599198396649e+01 -3.409669155164141707e-01 1.072724769693802864e-02
1.903807615230460826e+01 -3.730775889343943552e-01 9.300655021708769885e-03
1.907815631262525002e+01 -4.045803429240052984e-01 8.070044710152764894e-03
1.911823647294589179e+01 -4.350411302376526734e-01 6.875017174482698015e-03
1.915831663326653356e+01 -4.640505408901859918e-01 5.639973717372214965e-03
1.919839679358717532e+01 -4.912292378702068363e-01 4.376595836185840672e-03
1.923847695390781354e+01 -5.162326499492642107e-01 3.157925761246199118e-03
1.927855711422845530e+01 -5.387546569541945551e-01 2.078996252579801314e-03
1.931863727454909707e+01 -5.585301242732745308e-01 1.219702837046626048e-03
1.935871743486973884e+01 -5.753367462850285108e-01 6.212716895423059122e-04
1.939879759519038060e+01 -5.889959558538295781e-01 2.802022618861362154e-04
1.943887775551102237e+01 -5.993729154923534974e-01 1.569199018383710641e-04
1.947895791583166414e+01 -6.063761263333140583e-01 1.923230659499439328e-04
1.951903807615230235e+01 -6.099564067192206895e-01 3.247083110317425117e-04
1.955911823647294412e+01 -6.101053724039173787e-01 5.017843981713165750e-04
1.959919839679358589e+01 -6.068539074787796528e-01 6.858958025815883788e-04
1.963927855711422765e+01 -6.002703440524784773e-01 8.536182566381767456e-04
1.967935871743486942e+01 -5.904585361769151275e-01 9.924890725680275867e-04
1.971943887775551119e+01 -5.775561531685065031e-01 1.097646322626496130e-03
1.975951903807615295e+01 -5.617328741551285143e-01 1.169934105072412654e-03
1.979959919839679117e+01 -5.431886677775508154e-01 1.215542133718751361e-03
1.983967935871743293e+01 -5.221522541483138991e-01 1.246239174751324853e-03
1.987975951903807470e+01 -4.988794339957397517e-01 1.278973750384366061e-03
1.991983967935871647e+01 -4.736514419103763363e-01 1.334116606122174144e-03
1.995991983967935823e+01 -4.467732073391706971e-01 1.432481656117308043e-03
2.000000000000000000e+01 -4.185712852122280836e-01 1.591901773163532279e-03
