# time correlation fidelity
0.000000000000000000e+00 -1.058823529411764719e+00 1.000000000000000000e+00
4.008016032064128098e-02 -1.057973350084069120e+00 9.963925324903528669e-01
8.016032064128256196e-02 -1.055424185606778309e+00 9.856451543664432879e-01
1.202404809619238429e-01 -1.051180132172643944e+00 9.679803902248874659e-01
1.603206412825651239e-01 -1.045248083812746254e+00 9.437610581765534246e-01
2.004008016032063910e-01 -1.037637687611290271e+00 9.134781078865971127e-01
2.404809619238476859e-01 -1.028361408741231164e+00 8.777347376938544610e-01
2.805611222444889807e-01 -1.017434717393113974e+00 8.372275592642137720e-01
3.206412825651302478e-01 -1.004875933513746933e+00 7.927240457490217773e-01
3.607214428857715149e-01 -9.907063330419820790e-01 7.450393207403736007e-01
4.008016032064127820e-01 -9.749502565200851567e-01 6.950123593913415387e-01
4.408817635270541047e-01 -9.576352491286853619e-01 6.434825029495958582e-01
4.809619238476953718e-01 -9.387920869999059059e-01 5.912668211539372498e-01
5.210420841683366389e-01 -9.184547096606207051e-01 5.391394335905999036e-01
5.611222444889779615e-01 -8.966604431550566634e-01 4.878142774412522198e-01
6.012024048096191731e-01 -8.734501311128067824e-01 4.379306877485211746e-01
6.412825651302604957e-01 -8.488682310312798407e-01 3.900423838140361088e-01
6.813627254509018183e-01 -8.229625933046073039e-01 3.446098513773038774e-01
7.214428857715430299e-01 -7.957847328039471257e-01 3.019972022238149867e-01
7.615230460921843525e-01 -7.673899292865602462e-01 2.624720960075955234e-01
8.016032064128255641e-01 -7.378373787391070415e-01 2.262088138037886276e-01
8.416833667334668867e-01 -7.071898105976270887e-01 1.932938246333577026e-01
8.817635270541082093e-01 -6.755137214322091133e-01 1.637341106193763718e-01
9.218436873747494209e-01 -6.428794402435570321e-01 1.374668981115785560e-01
9.619238476953907435e-01 -6.093612708383201459e-01 1.143704646737514902e-01
1.002004008016031955e+00 -5.750370100027226705e-01 9.427543587396361446e-02
1.042084168336673278e+00 -5.399880124515189506e-01 7.697630716198729239e-02
1.082164328657314600e+00 -5.042992397074596012e-01 6.224244525731580796e-02
1.122244488977955923e+00 -4.680592947971132234e-01 4.982827020400591722e-02
1.162324649298597246e+00 -4.313599696579939469e-01 3.948240124713160021e-02
1.202404809619238346e+00 -3.942959820923262471e-01 3.095556172490978100e-02
1.242484969939879669e+00 -3.569650382775746422e-01 2.400704350046195534e-02
1.282565130260520991e+00 -3.194677036729552944e-01 1.840976073390441711e-02
1.322645290581162314e+00 -2.819070352677763291e-01 1.395395533692164562e-02
1.362725450901803637e+00 -2.443879515858750906e-01 1.044964047856326503e-02
1.402805611222444737e+00 -2.070172845779041926e-01 7.727834474328367648e-03
1.442885771543086060e+00 -1.699035023264415523e-01 5.640845853042471096e-03
1.482965931863727382e+00 -1.331563926091736960e-01 4.061766138274803574e-03
1.523046092184368705e+00 -9.688616791896928482e-02 2.883367527938813287e-03
1.563126252505010028e+00 -6.120343535905201776e-02 2.016511778328670956e-03
1.603206412825651128e+00 -2.621882572431539354e-02 1.388304750997740701e-03
1.643286573146292451e+00 7.957316970073595105e-03 9.401122124309083681e-04
1.683366733466933773e+00 4.121593516594597439e-02 6.255618830154525967e-04
1.723446893787575096e+00 7.344943816754308241e-02 4.085917760510271836e-04
1.763527054108216419e+00 1.045520879988091484e-01 2.616427795129678733e-04
1.803607214428857741e+00 1.344203469532490869e-01 1.640300937909739700e-04
1.843687374749498842e+00 1.629537938910332051e-01 1.005181565276616162e-04
1.883767535070140164e+00 1.900554994811457232e-01 6.010041955946336098e-05
1.923847695390781487e+00 2.156323414161994967e-01 3.498629437958128565e-05
1.963927855711422810e+00 2.395954037848010698e-01 1.977972037722119104e-05
2.004008016032063910e+00 2.618606557573400218e-01 1.082831694088183603e-05
2.044088176352705233e+00 2.823495022014744227e-01 5.719843832425038203e-06
2.084168336673346555e+00 3.009889730466728808e-01 2.902842404863926653e-06
2.124248496993987878e+00 3.177121049603887082e-01 1.407939599783274522e-06
2.164328657314629201e+00 3.324583863160365804e-01 6.483523473887178679e-07
2.204408817635270523e+00 3.451743060345456859e-01 2.811021600664505250e-07
2.244488977955911846e+00 3.558134345467718340e-01 1.135067822712504315e-07
2.284569138276553169e+00 3.643366989382091914e-01 4.208152131785412491e-08
2.324649298597194491e+00 3.707126309287497867e-01 1.406260850173112445e-08
2.364729458917835370e+00 3.749177391030211193e-01 4.140848039600892159e-09
2.404809619238476692e+00 3.769364973516193817e-01 1.055490383231225428e-09
2.444889779559118015e+00 3.767614510032355479e-01 2.430999019255175825e-10
2.484969939879759337e+00 3.743932992713845387e-01 6.632245367261037103e-11
2.525050100200400660e+00 3.698409883441765578e-01 2.920114204857562577e-11
2.565130260521041983e+00 3.631215943908019383e-01 1.573825888292395667e-11
2.605210420841683305e+00 3.542602453217982839e-01 8.020816751625740987e-12
2.645290581162324628e+00 3.432900502959252420e-01 3.833991822477623538e-12
2.685370741482965951e+00 3.302519188823936358e-01 1.660410222943791888e-12
2.725450901803607273e+00 3.151942848627632965e-01 6.862850174810252204e-13
2.765531062124248596e+00 2.981728836092705781e-01 1.074810890894379314e-12
2.805611222444889474e+00 2.792505226605818680e-01 2.895890464712658012e-12
2.845691382765530797e+00 2.584967344412345547e-01 5.280559898203280720e-12
2.885771543086172120e+00 2.359872629763289931e-01 6.710962552592635435e-12
2.925851703406813442e+00 2.118037711269054602e-01 6.056828725789673367e-12
2.965931863727454765e+00 1.860334717916730940e-01 3.504428224869059518e-12
3.006012024048096087e+00 1.587687226366748805e-01 7.400126168483554848e-13
3.046092184368737410e+00 1.301062715962277294e-01 2.618502233742177223e-13
3.086172344689378733e+00 1.001469427829580622e-01 4.210593058920124156e-12
3.126252505010020055e+00 6.899518732180756619e-02 1.328754479370905202e-11
3.166332665330661378e+00 3.675869420285676759e-02 2.625154024574843906e-11
3.206412825651302256e+00 3.547482025145505709e-03 4.023242177455549963e-11
3.246492985971943579e+00 -3.052643278167242735e-02 5.170581096348194087e-11
3.286573146292584902e+00 -6.534947600327371819e-02 5.777474532050724251e-11
3.326653306613226224e+00 -1.008068593944605462e-01 5.731074948371064566e-11
3.366733466933867547e+00 -1.367834809734799761e-01 5.157878303764321231e-11
3.406813627254508869e+00 -1.731643171382908075e-01 4.412784945647844434e-11
3.446893787575150192e+00 -2.098347503307050055e-01 4.001340337802860252e-11
3.486973947895791515e+00 -2.466808820653306200e-01 4.457594580095953123e-11
3.527054108216432837e+00 -2.835902244271631401e-01 6.212381488855814335e-11
3.567134268537074160e+00 -3.204522281498682346e-01 9.487433899594164032e-11
3.607214428857715482e+00 -3.571584138543775766e-01 1.423935069458741611e-10
3.647294589178356361e+00 -3.936026416688720997e-01 2.016509875914578200e-10
3.687374749498997684e+00 -4.296815174601018583e-01 2.676565930545692867e-10
3.727454909819639006e+00 -4.652950228579553205e-01 3.345009237573987559e-10
3.767535070140280329e+00 -5.003464590956488989e-01 3.964871088291546307e-10
3.807615230460921651e+00 -5.347426321412482864e-01 4.491487371697733237e-10
3.847695390781562974e+00 -5.683940054918436013e-01 4.899362740905763526e-10
3.887775551102204297e+00 -6.012153208403278049e-01 5.184714643423729887e-10
3.927855711422845619e+00 -6.331254315204341010e-01 5.363148905687020251e-10
3.967935871743486942e+00 -6.640473688137107366e-01 5.463972145815895019e-10
4.008016032064127820e+00 -6.939083143259827668e-01 5.522487178667108327e-10
4.048096192384769587e+00 -7.226400995172379549e-01 5.572279914292190905e-10
4.088176352705410466e+00 -7.501790254766494970e-01 5.638637087465214555e-10
4.128256513026052232e+00 -7.764657942960789816e-01 5.734521906951740174e-10
4.168336673346693111e+00 -8.014453930105372992e-01 5.859466420549891482e-10
4.208416833667334878e+00 -8.250673848740769367e-01 6.001402008114953236e-10
4.248496993987975756e+00 -8.472858058629982869e-01 6.140245924630853603e-10
4.288577154308616635e+00 -8.680589688159153772e-01 6.252493139918728381e-10
4.328657314629258401e+00 -8.873493363106050857e-01 6.315868989128039837e-10
4.368737474949899280e+00 -9.051235815750399150e-01 6.313175247789517851e-10
4.408817635270541047e+00 -9.213526018066022782e-01 6.234574431480505846e-10
4.448897795591181925e+00 -9.360112412782132241e-01 6.078281636922140649e-10
4.488977955911823692e+00 -9.490781717126909323e-01 5.849928892452776321e-10
4.529058116232464570e+00 -9.605358216559964912e-01 5.560904562098896300e-10
4.569138276553106337e+00 -9.703704357817016790e-01 5.226097110953493289e-10
4.609218436873747216e+00 -9.785718077341230003e-01 4.861672980827054119e-10
4.649298597194388982e+00 -9.851331719330269632e-01 4.483245544144054294e-10
4.689378757515029861e+00 -9.900510989774883308e-01 4.104627901620403572e-10
4.729458917835670739e+00 -9.933255372269538253e-01 3.737146583832931443e-10
4.769539078156312506e+00 -9.949596192748512147e-01 3.389543924803836984e-10
4.809619238476953385e+00 -9.949595726062083756e-01 3.068265437617901658e-10
4.849699398797595151e+00 -9.933346477258596652e-01 2.777947318578182469e-10
4.889779559118236030e+00 -9.900971125108943838e-01 2.521878907332183691e-10
4.929859719438877796e+00 -9.852621485658765721e-01 2.302447820713141154e-10
4.969939879759518675e+00 -9.788477949005646161e-01 2.121531059393798186e-10
5.010020040080160442e+00 -9.708749326091902221e-01 1.980824388076976410e-10
5.050100200400801320e+00 -9.613672482698062405e-01 1.882129040993433170e-10
5.090180360721443087e+00 -9.503511799507721181e-01 1.827665414967649125e-10
5.130260521042083965e+00 -9.378559154609608095e-01 1.820406331194973249e-10
5.170340681362724844e+00 -9.239134163654456611e-01 1.864339216568493171e-10
5.210420841683366611e+00 -9.085584033563414152e-01 1.964592440946534139e-10
5.250501002004007489e+00 -8.918282696187992409e-01 2.127318774953945038e-10
5.290581162324649256e+00 -8.737631497773715727e-01 2.359216823663251799e-10
5.330661322645290134e+00 -8.544059572917948042e-01 2.666684899343521185e-10
5.370741482965931901e+00 -8.338024211805589170e-01 3.054641172359236102e-10
5.410821643286572780e+00 -8.120009097566677214e-01 3.525142879404073751e-10
5.450901803607214546e+00 -7.890525492196830415e-01 4.075882362519035618e-10
5.490981963927855425e+00 -7.650112562404511873e-01 4.698889316803465951e-10
5.531062124248497192e+00 -7.399338182174630685e-01 5.379632278759840146e-10
5.571142284569138070e+00 -7.138796174501126357e-01 6.096772736518477694e-10
5.611222444889778949e+00 -6.869107361372721599e-01 6.822542914518728696e-10
5.651302605210420715e+00 -6.590919799938969037e-01 7.523904968020246037e-10
5.691382765531061594e+00 -6.304909581194586554e-01 8.164375356742688372e-10
5.731462925851703361e+00 -6.011777514030327563e-01 8.706376015513532137e-10
5.771543086172344239e+00 -5.712249034606058373e-01 9.113737586583021136e-10
5.811623246492986006e+00 -5.407074484508297418e-01 9.354191721995209006e-10
5.851703406813626884e+00 -5.097029187770151237e-01 9.401607325478913730e-10
5.891783567134268651e+00 -4.782910498492408680e-01 9.237815242096022057e-10
5.931863727454909530e+00 -4.465535353178941569e-01 8.854045420297742744e-10
5.971943887775551296e+00 -4.145740771871457842e-01 8.252380346803226831e-10
6.012024048096192175e+00 -3.824382866374343992e-01 7.447969490456690220e-10
6.052104208416833053e+00 -3.502335073008910338e-01 6.473333516434518604e-10
6.092184368737474820e+00 -3.180485695075969121e-01 5.387114356507238348e-10
6.132264529058115698e+00 -2.859726000721869998e-01 4.291298472855832965e-10
6.172344689378757465e+00 -2.540960814773920995e-01 3.362210997811334303e-10
6.212424849699398344e+00 -2.225115966917795007e-01 2.904411939705854947e-10
6.252505010020040110e+00 -1.913094419586664208e-01 3.443634672497106841e-10
6.292585170340680989e+00 -1.605821136000864513e-01 5.876999233791408554e-10
6.332665330661322756e+00 -1.304214567171445016e-01 1.171908805876964985e-09
6.372745490981963634e+00 -1.009179408522668103e-01 2.349176216539518510e-09
6.412825651302604513e+00 -7.216278474416878974e-02 4.532627098034327901e-09
6.452905811623246279e+00 -4.424421391538885251e-02 8.392106633661876011e-09
6.492985971943887158e+00 -1.724971667669895903e-02 1.499684164108994317e-08
6.533066132264528925e+00 8.734358597208283920e-03 2.603222334552329720e-08
6.573146292585169803e+00 3.362579712945212157e-02 4.412951194467326576e-08
6.613226452905811570e+00 5.734327891335146143e-02 7.333947765826466923e-08
6.653306613226452448e+00 7.980943848208427172e-02 1.198441085193764023e-07
6.693386773547094215e+00 1.009504622540219887e-01 1.929733245253140588e-07
6.733466933867735094e+00 1.206949669626616178e-01 3.066512644636693183e-07
6.773547094188376860e+00 1.389773841580715097e-01 4.815014881790039639e-07
6.813627254509017739e+00 1.557354962883389371e-01 7.477214905678939605e-07
6.853707414829658617e+00 1.709117120868944573e-01 1.149139138800835798e-06
6.893787575150300384e+00 1.844543677856337605e-01 1.748816861298059414e-06
6.933867735470941263e+00 1.963161406052929547e-01 2.636591135140111970e-06
6.973947895791583029e+00 2.064557161681327135e-01 3.939383936726181773e-06
7.014028056112223908e+00 2.148376020482282434e-01 5.834925363920854012e-06
7.054108216432865675e+00 2.214321166797559304e-01 8.569922178216563116e-06
7.094188376753506553e+00 2.262159830432499130e-01 1.248401132333929591e-05
7.134268537074148320e+00 2.291722259600345035e-01 1.804082966195764195e-05
7.174348697394789198e+00 2.302902965408733793e-01 2.586805831325648285e-05
7.214428857715430965e+00 2.295661423619280161e-01 3.680851296962371860e-05
7.254509018036071843e+00 2.270023925436465972e-01 5.198490731316682723e-05
7.294589178356712722e+00 2.226082925391811573e-01 7.288084112836584489e-05
7.334669338677354489e+00 2.163996583435405519e-01 1.014412646107706796e-04
7.374749498997995367e+00 2.083988354511237262e-01 1.401959270028105818e-04
7.414829659318637134e+00 1.986346621958720304e-01 1.924097070596088538e-04
7.454909819639278012e+00 1.871423096740103542e-01 2.622634874196865819e-04
7.494989979959919779e+00 1.739631077207963450e-01 3.550696211650429166e-04
7.535070140280560658e+00 1.591443861541653182e-01 4.775260923030089674e-04
7.575150300601202424e+00 1.427392752833635536e-01 6.380128570797441749e-04
7.615230460921843303e+00 1.248063890784725377e-01 8.469326130062286790e-04
7.655310621242485070e+00 1.054095707863790116e-01 1.117098670624048443e-03
7.695390781563125948e+00 8.461762120434206114e-02 1.464170444613266875e-03
7.735470941883766827e+00 6.250401435450686494e-02 1.907135506331395988e-03
7.775551102204408593e+00 3.914640305081527188e-02 2.468831156323202103e-03
7.815631262525049472e+00 1.462632203785504438e-02 3.176503913595443880e-03
7.855711422845691239e+00 -1.097116200499081984e-02 4.062394763736990738e-03
7.895791583166332117e+00 -3.755776165898046942e-02 5.164338499447819995e-03
7.935871743486973884e+00 -6.504259191664059359e-02 6.526347434144939667e-03
7.975951903807614762e+00 -9.333250157186541440e-02 8.199172197570879159e-03
8.016032064128255641e+00 -1.223324397851378587e-01 1.024080520420327274e-02
8.056112224448897408e+00 -1.519457653625038984e-01 1.271689854697310128e-02
8.096192384769539174e+00 -1.820748879725256064e-01 1.570103530685205279e-02
8.136272545090179165e+00 -2.126216584925939013e-01 1.927484101898594565e-02
8.176352705410820931e+00 -2.434876749737966417e-01 2.352788667818792034e-02
8.216432865731462698e+00 -2.745745882176915398e-01 2.855733332458501583e-02
8.256513026052104465e+00 -3.057846185807611694e-01 3.446724731268417663e-02
8.296593186372744455e+00 -3.370210476330427474e-01 4.136756024184874703e-02
8.336673346693386222e+00 -3.681883984224194051e-01 4.937266361625507194e-02
8.376753507014027988e+00 -3.991927122672809802e-01 5.859956754847939903e-02
8.416833667334669755e+00 -4.299418858192035064e-01 6.916559512396956710e-02
8.456913827655309746e+00 -4.603462225769949234e-01 8.118559052594663539e-02
8.496993987975951512e+00 -4.903184880108681920e-01 9.476873580141736975e-02
8.537074148296593279e+00 -5.197741187256742501e-01 1.100149160165596190e-01
8.577154308617233269e+00 -5.486313857826218277e-01 1.270106989277046405e-01
8.617234468937875036e+00 -5.768119223306724663e-01 1.458249733077166543e-01
8.657314629258516803e+00 -6.042406974620218030e-01 1.665044585571731350e-01
8.697394789579158569e+00 -6.308461248102547048e-01 1.890690953293066856e-01
8.737474949899798560e+00 -6.565600923442395098e-01 2.135074800156645802e-01
8.777555110220440326e+00 -6.813183788006929031e-01 2.397725286359576324e-01
8.817635270541082093e+00 -7.050606094938068891e-01 2.677776137656145417e-01
8.857715430861723860e+00 -7.277302458122218987e-01 2.973932747303645319e-01
8.897795591182363850e+00 -7.492745410208276891e-01 3.284446971762600143e-01
8.937875751503005617e+00 -7.696447755247263212e-01 3.607102655144784342e-01
8.977955911823647384e+00 -7.887962584570868962e-01 3.939213463245654911e-01
9.018036072144287374e+00 -8.066882008507604285e-01 4.277633392798732004e-01
9.058116232464929141e+00 -8.232836454923102565e-01 4.618781699963490084e-01
9.098196392785570907e+00 -8.385495127414104299e-01 4.958684130406071366e-01
9.138276553106212674e+00 -8.524566667950580490e-01 5.293031299668099487e-01
9.178356713426852664e+00 -8.649797125224711891e-01 5.617250280554839659e-01
9.218436873747494431e+00 -8.760969103105105127e-01 5.926591097004709763e-01
9.258517034068136198e+00 -8.857901100684391071e-01 6.216226326445800643e-01
9.298597194388777964e+00 -8.940448283767571391e-01 6.481364067289802078e-01
9.338677354709417955e+00 -9.008500413386598682e-01 6.717364477675341616e-01
9.378757515030059722e+00 -9.061980906328198637e-01 6.919861439728333119e-01
9.418837675350701488e+00 -9.100845801835859561e-01 7.084884098160388888e-01
9.458917835671341479e+00 -9.125084221854200539e-01 7.208977455198760653e-01
9.498997995991983245e+00 -9.134716780244983569e-01 7.289310057730064019e-01
9.539078156312625012e+00 -9.129794659101237997e-01 7.323769700611048039e-01
9.579158316633266779e+00 -9.110398741711956960e-01 7.311042170420110065e-01
9.619238476953906769e+00 -9.076639590322646001e-01 7.250670899845470529e-01
9.659318637274548536e+00 -9.028656514041750736e-01 7.143090324826906201e-01
9.699398797595190302e+00 -8.966616811962586642e-01 6.989633775162840124e-01
9.739478957915832069e+00 -8.890715300278029254e-01 6.792515075638760891e-01
9.779559118236472059e+00 -8.801173962820130203e-01 6.554782380620860494e-01
9.819639278557113826e+00 -8.698241434649846004e-01 6.280244816673167252e-01
9.859719438877755593e+00 -8.582192604534912839e-01 5.973376124579367064e-01
9.899799599198395583e+00 -8.453328451044651581e-01 5.639197789975093356e-01
9.939879759519037350e+00 -8.311975777216241701e-01 5.283144373725915388e-01
9.979959919839679117e+00 -8.158486540072166227e-01 4.910914848231311414e-01
1.002004008016032088e+01 -7.993237949153509936e-01 4.528321283469666780e-01
1.006012024048096087e+01 -7.816632438183827025e-01 4.141135616542110376e-01
1.010020040080160264e+01 -7.629097716645608651e-01 3.754941155594695434e-01
1.014028056112224441e+01 -7.431085529687762037e-01 3.374990554632679163e-01
1.018036072144288617e+01 -7.223072104605056110e-01 3.006085362947820694e-01
1.022044088176352616e+01 -7.005558120609282069e-01 2.652473085096538341e-01
1.026052104208416793e+01 -6.779069023131096827e-01 2.317767407305615923e-01
1.030060120240480970e+01 -6.544153123638112302e-01 2.004889398843141268e-01
1.034068136272544969e+01 -6.301381924168164561e-01 1.716040554199275425e-01
1.038076152304609145e+01 -6.051350034976752390e-01 1.452700132051554238e-01
1.042084168336673322e+01 -5.794675423369960443e-01 1.215646887503936818e-01
1.046092184368737499e+01 -5.531997143194878896e-01 1.005000676158623180e-01
1.050100200400801498e+01 -5.263974788859353549e-01 8.202861337308985090e-02
1.054108216432865675e+01 -4.991288423109203065e-01 6.605110055139619407e-02
1.058116232464929851e+01 -4.714638258251374059e-01 5.242543517071974329e-02
1.062124248496994028e+01 -4.434742589572824301e-01 4.097603393025855273e-02
1.066132264529058027e+01 -4.152335541529417751e-01 3.150345188204858177e-02
1.070140280561122204e+01 -3.868167071052421302e-01 2.379376858654336929e-02
1.074148296593186380e+01 -3.583001868256771583e-01 1.762727687232256216e-02
1.078156312625250379e+01 -3.297617560828480787e-01 1.278623886561125987e-02
1.082164328657314556e+01 -3.012800692117075241e-01 9.061509171417389541e-03
1.086172344689378733e+01 -2.729346529124052068e-01 6.257827285556502583e-03
1.090180360721442909e+01 -2.448057246213115878e-01 4.197718568172380260e-03
1.094188376753506908e+01 -2.169740241124090141e-01 2.724037511838976050e-03
1.098196392785571085e+01 -1.895202817910937865e-01 1.701258182558876633e-03
1.102204408817635262e+01 -1.625251387190418950e-01 1.015589442422231130e-03
1.106212424849699438e+01 -1.360689201971920503e-01 5.741418838960080529e-04
1.110220440881763437e+01 -1.102314545480106156e-01 3.033472550878078453e-04
1.114228456913827614e+01 -8.509149641029642441e-02 1.468566847524937797e-04
1.118236472945891791e+01 -6.072654368244286699e-02 6.309896305402056189e-05
1.122244488977955790e+01 -3.721260934001950627e-02 2.272042932625334676e-05
1.126252505010019966e+01 -1.462400233014679585e-02 6.070140221563646023e-06
1.130260521042084143e+01 6.967186953015010870e-03 8.623019548996342025e-07
1.134268537074148320e+01 2.749140575640153863e-02 1.082828017732661154e-07
1.138276553106212319e+01 4.688182102724155337e-02 3.828335372946783817e-07
1.142284569138276495e+01 6.507457498951037256e-02 4.476347458164574923e-07
1.146292585170340672e+01 8.200916759507104192e-02 2.247388731430297725e-07
1.150300601202404849e+01 9.762888562950108873e-02 9.053136865559314157e-08
1.154308617234468848e+01 1.118809167558717649e-01 4.435102256212123765e-07
1.158316633266533024e+01 1.247165947660373170e-01 1.488768994053003100e-06
1.162324649298597201e+01 1.360916558821564926e-01 3.180079928009250747e-06
1.166332665330661200e+01 1.459666700039647380e-01 5.262936108977892073e-06
1.170340681362725377e+01 1.543070994721362221e-01 7.368805129167527809e-06
1.174348697394789554e+01 1.610834800680162326e-01 9.121774583276025461e-06
1.178356713426853730e+01 1.662715645811641274e-01 1.022986887041629216e-05
1.182364729458917729e+01 1.698526535119376235e-01 1.054391739638142991e-05
1.186372745490981906e+01 1.718136067448935989e-01 1.007898121238820664e-05
1.190380761523046083e+01 1.721469180265562948e-01 9.000407183104928486e-06
1.194388777555110259e+01 1.708507590696998202e-01 7.582477406605992172e-06
1.198396793587174258e+01 1.679291384571052204e-01 6.150368547161209804e-06
1.202404809619238435e+01 1.633918613403653464e-01 5.018929594642431206e-06
1.206412825651302612e+01 1.572544779797488412e-01 4.438371612364190791e-06
1.210420841683366611e+01 1.495382339909551439e-01 4.554900782075434936e-06
1.214428857715430787e+01 1.402700402086617393e-01 5.391398529039723960e-06
1.218436873747494964e+01 1.294823548533123314e-01 6.849426666295527227e-06
1.222444889779559141e+01 1.172130173892307614e-01 8.729781007371206335e-06
1.226452905811623140e+01 1.035050978836010160e-01 1.076709310302098172e-05
1.230460921843687316e+01 8.840672569228878730e-02 1.267244435871837814e-05
1.234468937875751493e+01 7.197084654087435029e-02 1.417699639118657012e-05
1.238476953907815670e+01 5.425497925593884829e-02 1.506991640462616500e-05
1.242484969939879669e+01 3.532096911037482106e-02 1.522644733558389019e-05
1.246492985971943845e+01 1.523473426353653959e-02 1.462283046910523906e-05
1.250501002004008022e+01 -5.934115401517781919e-03 1.333673284874918145e-05
1.254509018036072021e+01 -2.811256755287436931e-02 1.153444749959584415e-05
1.258517034068136198e+01 -5.122452166936031920e-02 9.447654628375557823e-06
1.262525050100200374e+01 -7.519107825456602945e-02 7.343312579423737186e-06
1.266533066132264551e+01 -9.993101945596767621e-02 5.490676393682651832e-06
1.270541082164328550e+01 -1.253611333315792498e-01 4.130337573160360174e-06
1.274549098196392727e+01 -1.513965464303786979e-01 3.448493348940403619e-06
1.278557114228456904e+01 -1.779510216969683312e-01 3.559010278913752833e-06
1.282565130260520903e+01 -2.049374537806329943e-01 4.494864193915488423e-06
1.286573146292585079e+01 -2.322682397279942634e-01 6.209166446435907115e-06
1.290581162324649256e+01 -2.598555692879011558e-01 8.584538862352059373e-06
1.294589178356713433e+01 -2.876117200444928690e-01 1.144905062268190051e-05
1.298597194388777432e+01 -3.154494657114830236e-01 1.459650003064570617e-05
1.302605210420841608e+01 -3.432825104667256433e-01 1.780815580928087202e-05
1.306613226452905785e+01 -3.710256883249613558e-01 2.087325695264590945e-05
1.310621242484969962e+01 -3.985952274177458898e-01 2.360657624219408856e-05
1.314629258517033961e+01 -4.259090313301116537e-01 2.586149518501780576e-05
1.318637274549098137e+01 -4.528871354119068382e-01 2.753764029423849509e-05
1.322645290581162314e+01 -4.794518132766433793e-01 2.858304331969889947e-05
1.326653306613226313e+01 -5.055277770347887945e-01 2.899163912303930328e-05
1.330661322645290490e+01 -5.310423297141751986e-01 2.879698870470615300e-05
1.334669338677354666e+01 -5.559257798845921306e-01 2.806323947563924500e-05
1.338677354709418843e+01 -5.801114821603652327e-01 2.687510879040175567e-05
1.342685370741482842e+01 -6.035359468528912474e-01 2.532798504259489597e-05
1.346693386773547019e+01 -6.261388880592373418e-01 2.351916093771323237e-05
1.350701402805611195e+01 -6.478635323297062820e-01 2.154060360178345116e-05
1.354709418837675372e+01 -6.686566354738889828e-01 1.947411467392936603e-05
1.358717434869739371e+01 -6.884684877741700237e-01 1.738865358063331618e-05
1.362725450901803548e+01 -7.072528981307534268e-01 1.533956406745475235e-05
1.366733466933867724e+01 -7.249673480165463868e-01 1.336910901241580054e-05
1.370741482965931723e+01 -7.415730285149504386e-01 1.150806735732916044e-05
1.374749498997995900e+01 -7.570347461844241232e-01 9.777874742345418424e-06
1.378757515030060077e+01 -7.713208719655787471e-01 8.192721262316799403e-06
1.382765531062124253e+01 -7.844033495166053971e-01 6.761273383822781199e-06
1.386773547094188253e+01 -7.962577549503762064e-01 5.487884178747839882e-06
1.390781563126252429e+01 -8.068631411610150961e-01 4.373489526886260787e-06
1.394789579158316606e+01 -8.162019606814830963e-01 3.415991379552172471e-06
1.398797595190380783e+01 -8.242599882458389038e-01 2.610350500351097313e-06
1.402805611222444782e+01 -8.310263680831987410e-01 1.948503248893886986e-06
1.406813627254508958e+01 -8.364934520382716343e-01 1.419537251212408174e-06
1.410821643286573135e+01 -8.406567057973132195e-01 1.009974171117544535e-06
1.414829659318637134e+01 -8.435146019545758378e-01 7.043005207785640520e-07
1.418837675350701311e+01 -8.450686317269426873e-01 4.856838183386157390e-07
1.422845691382765487e+01 -8.453231765385343932e-01 3.369591744108373325e-07
1.426853707414829664e+01 -8.442854106983497253e-01 2.416276851944475770e-07
1.430861723446893663e+01 -8.419652063314704282e-01 1.847824578871281881e-07
1.434869739478957840e+01 -8.383751047703835724e-01 1.538284789510430672e-07
1.438877755511022016e+01 -8.335302360619527562e-01 1.389542169764588445e-07
1.442885771543086193e+01 -8.274482340284334825e-01 1.332711660534840122e-07
1.446893787575150192e+01 -8.201491712208951457e-01 1.326300002945770061e-07
1.450901803607214369e+01 -8.116555079299646591e-01 1.351608812816540393e-07
1.454909819639278545e+01 -8.019920430002421829e-01 1.406319337387357153e-07
1.458917835671342544e+01 -7.911858585167488300e-01 1.497336063938694828e-07
1.462925851703406721e+01 -7.792662804093178908e-01 1.633862336921983184e-07
1.466933867735470898e+01 -7.662648373013803971e-01 1.821687311881523006e-07
1.470941883767535074e+01 -7.522152038639808858e-01 2.059382388343236056e-07
1.474949899799599073e+01 -7.371531851702846083e-01 2.336731951522997764e-07
1.478957915831663250e+01 -7.211166919088871641e-01 2.635316146605884585e-07
1.482965931863727427e+01 -7.041457245690928568e-01 2.930914868944265349e-07
1.486973947895791603e+01 -6.862822820861080864e-01 3.197163615154548474e-07
1.490981963927855602e+01 -6.675703730055733143e-01 3.409603072679031332e-07
1.494989979959919779e+01 -6.480559951936027963e-01 3.549504735126423463e-07
1.498997995991983956e+01 -6.277871390880480629e-01 3.606832459525920359e-07
1.503006012024047955e+01 -6.068136554886119916e-01 3.581911966336964803e-07
1.507014028056112132e+01 -5.851872570125946638e-01 3.485534911176652564e-07
1.511022044088176308e+01 -5.629614967465622621e-01 3.337682757164526471e-07
1.515030060120240485e+01 -5.401917642297159317e-01 3.165113406768429154e-07
1.519038076152304484e+01 -5.169351313014721727e-01 2.998225166264900941e-07
1.523046092184368661e+01 -4.932502876159735594e-01 2.867714060160197070e-07
1.527054108216432837e+01 -4.691975189643438071e-01 2.801582460494427743e-07
1.531062124248497014e+01 -4.448386606422509160e-01 2.822900023325450053e-07
1.535070140280561013e+01 -4.202369528541295973e-01 2.948637308936859991e-07
1.539078156312625190e+01 -3.954568548105972248e-01 3.189711834406877439e-07
1.543086172344689366e+01 -3.705640205628624728e-01 3.552189400045040911e-07
1.547094188376753365e+01 -3.456251950722384891e-01 4.039491792901516129e-07
1.551102204408817542e+01 -3.207080770501519740e-01 4.655340028072719225e-07
1.555110220440881719e+01 -2.958810098661866506e-01 5.407119734562373426e-07
1.559118236472945895e+01 -2.712129313910639494e-01 6.309207863198368682e-07
1.563126252505009894e+01 -2.467732160665083718e-01 7.386110936226861221e-07
1.567134268537074071e+01 -2.226315331437434542e-01 8.675199501444411462e-07
1.571142284569138248e+01 -1.988574466475742375e-01 1.022907556795720188e-06
1.575150300601202424e+01 -1.755203096753786829e-01 1.211750649394901378e-06
1.579158316633266423e+01 -1.526890712968656250e-01 1.442939662701574805e-06
1.583166332665330600e+01 -1.304321142494614394e-01 1.727522388104221773e-06
1.587174348697394777e+01 -1.088168241837324385e-01 2.079073497306436219e-06
1.591182364729458776e+01 -8.790939969374117480e-02 2.514254228463152311e-06
1.595190380761522952e+01 -6.777465616284507333e-02 3.053686128114876891e-06
1.599198396793587129e+01 -4.847582771305691818e-02 3.723270452108177925e-06
1.603206412825651128e+01 -3.007418433544912367e-02 4.556118572178313477e-06
1.607214428857715305e+01 -1.262873661288133748e-02 5.595262880613353976e-06
1.611222444889779482e+01 3.803927276622157821e-03 6.897382487170926929e-06
1.615230460921843658e+01 1.916986421830329732e-02 8.537816777922958438e-06
1.619238476953907835e+01 3.341806968300015113e-02 1.061717030915664979e-05
1.623246492985972012e+01 4.650084390671876955e-02 1.326985168259312090e-05
1.627254509018035833e+01 5.837390775547051519e-02 1.667499139205463502e-05
1.631262525050100010e+01 6.899661108184017289e-02 2.107021227519741293e-05
1.635270541082164186e+01 7.833213508369912814e-02 2.676879061878027817e-05
1.639278557114228363e+01 8.634784911813579711e-02 3.418079000340138861e-05
1.643286573146292540e+01 9.301538329128078431e-02 4.383894643492797645e-05
1.647294589178356716e+01 9.831077961564839429e-02 5.643002624508676533e-05
1.651302605210420893e+01 1.022146066071593917e-01 7.283252292601491852e-05
1.655310621242485070e+01 1.047122297398910690e-01 9.416162456268761436e-05
1.659318637274548891e+01 1.057938423088506524e-01 1.218226044327214169e-04
1.663326653306613068e+01 1.054545248199654228e-01 1.575736913060239719e-04
1.667334669338677244e+01 1.036942768694348871e-01 2.035996571620623434e-04
1.671342685370741421e+01 1.005181458939678057e-01 2.625974984057466801e-04
1.675350701402805598e+01 9.593621083737961797e-02 3.378755986398489686e-04
1.679358717434869774e+01 8.996353226770363587e-02 4.334677045258175567e-04
1.683366733466933951e+01 8.262010287084195492e-02 5.542631663302830317e-04
1.687374749498997772e+01 7.393081913465540667e-02 7.061548250805841113e-04
1.691382765531061949e+01 6.392539894435712855e-02 8.962055761735294220e-04
1.695390781563126126e+01 5.263822917152898018e-02 1.132834519290204251e-03
1.699398797595190302e+01 4.010822805182511636e-02 1.426023361344119778e-03
1.703406813627254479e+01 2.637869510328872888e-02 1.787543007854665647e-03
1.707414829659318656e+01 1.149712750801709302e-02 2.231198628396347319e-03
1.711422845691382832e+01 -4.485005914397549240e-03 2.773092808676453497e-03
1.715430861723446654e+01 -2.151248575937037347e-02 3.431903494047196419e-03
1.719438877755510831e+01 -3.952657036825002468e-02 4.229173082725677137e-03
1.723446893787575007e+01 -5.846528770438142592e-02 5.189598487884519371e-03
1.727454909819639184e+01 -7.826370904868479306e-02 6.341321088396736569e-03
1.731462925851703361e+01 -9.885423026459445872e-02 7.716203936960561692e-03
1.735470941883767537e+01 -1.201668407138779954e-01 9.350087073872807159e-03
1.739478957915831714e+01 -1.421294929243933081e-01 1.128299535360083490e-02
1.743486973947895891e+01 -1.646684096432159405e-01 1.355929925517303757e-02
1.747494989979959712e+01 -1.877083861873949377e-01 1.622780479875770079e-02
1.751503006012023889e+01 -2.111730739325058948e-01 1.934175563232407719e-02
1.755511022044088065e+01 -2.349853646137134711e-01 2.295870817498091646e-02
1.759519038076152242e+01 -2.590677302814843874e-01 2.714027990925426889e-02
1.763527054108216419e+01 -2.833424996759195125e-01 3.195175091941056256e-02
1.767535070140280595e+01 -3.077321375919246926e-01 3.746148891161724115e-02
1.771543086172344772e+01 -3.321595738437363998e-01 4.374016648438241311e-02
1.775551102204408593e+01 -3.565485740141896009e-01 5.085976133756049677e-02
1.779559118236472770e+01 -3.808239531631955055e-01 5.889236114962388691e-02
1.783567134268536947e+01 -4.049118235255591558e-01 6.790872854519375279e-02
1.787575150300601123e+01 -4.287398357387667280e-01 7.797663015994631130e-02
1.791583166332665300e+01 -4.522375439944018582e-01 8.915892119820485739e-02
1.795591182364729477e+01 -4.753365503186854912e-01 1.015114735981097333e-01
1.799599198396793653e+01 -4.979706928508768060e-01 1.150809061895144841e-01
1.803607214428857475e+01 -5.200761916313474398e-01 1.299021710716597999e-01
1.807615230460921651e+01 -5.415919613371266150e-01 1.459960195967385244e-01
1.811623246492985828e+01 -5.624596990399035601e-01 1.633664911343600257e-01
1.815631262525050005e+01 -5.826239923761713513e-01 1.819984155445077689e-01
1.819639278557114181e+01 -6.020323821803534869e-01 2.018550211596245869e-01
1.823647294589178358e+01 -6.206355785783592705e-01 2.228757365982396710e-01
1.827655310621242535e+01 -6.383875170554067502e-01 2.449743342761534215e-01
1.831663326653306711e+01 -6.552453773126417635e-01 2.680374437124973253e-01
1.835671342685370533e+01 -6.711695873948418933e-01 2.919235327248586032e-01
1.839679358717434710e+01 -6.861239137221486484e-01 3.164624891480471436e-01
1.843687374749498886e+01 -7.000755121473647424e-01 3.414559191408289007e-01
1.847695390781563063e+01 -7.129948647417748697e-01 3.666781409630049393e-01
1.851703406813627240e+01 -7.248557413822372952e-01 3.918779656668530675e-01
1.855711422845691416e+01 -7.356351818828547051e-01 4.167813351506489683e-01
1.859719438877755593e+01 -7.453135370249139857e-01 4.410949194631633152e-01
1.863727454909819414e+01 -7.538743561600572685e-01 4.645104347868068695e-01
1.867735470941883591e+01 -7.613043158264178878e-01 4.867097745964875655e-01
1.871743486973947768e+01 -7.675931371906146161e-01 5.073708550963478281e-01
1.875751503006011944e+01 -7.727335995890767251e-01 5.261742593835350146e-01
1.879759519038076121e+01 -7.767214189679108038e-01 5.428101556614172152e-01
1.883767535070140298e+01 -7.795551556532303028e-01 5.569855566039441097e-01
1.887775551102204474e+01 -7.812361083701686582e-01 5.684316606064117039e-01
1.891783567134268296e+01 -7.817682924275229928e-01 5.769112889312932868e-01
1.895791583166332472e+01 -7.811583383513616141e-01 5.822257675257729304e-01
1.899799599198396649e+01 -7.794153936670737970e-01 5.842212411019236384e-01
1.903807615230460826e+01 -7.765510244643744064e-01 5.827941639166716037e-01
1.907815631262525002e+01 -7.725791627831678499e-01 5.778958649066634479e-01
1.911823647294589179e+01 -7.675160373759409849e-01 5.695357315301057266e-01
1.915831663326653356e+01 -7.613800853663444945e-01 5.577829379696819245e-01
1.919839679358717532e+01 -7.541918759004209161e-01 5.427666557449191131e-01
1.923847695390781354e+01 -7.459740451563057206e-01 5.246746299166838989e-01
1.927855711422845530e+01 -7.367512495541134188e-01 5.037500259191945995e-01
1.931863727454909707e+01 -7.265501020397699961e-01 4.802866480970794383e-01
1.935871743486973884e+01 -7.153991170413238621e-01 4.546226532561148392e-01
1.939879759519038060e+01 -7.033286566331350409e-01 4.271328687578813676e-01
1.943887775551102237e+01 -6.903708826990631042e-01 3.982198141370890676e-01
1.947895791583166414e+01 -6.765597245445982288e-01 3.683040131845320420e-01
1.951903807615230235e+01 -6.619308388110496377e-01 3.378136960385221821e-01
1.955911823647294412e+01 -6.465215760750060436e-01 3.071742953594039371e-01
1.959919839679358589e+01 -6.303709152064934651e-01 2.767978117081853484e-01
1.963927855711422765e+01 -6.135194517112663171e-01 2.470730222024341838e-01
1.967935871743486942e+01 -5.960093648483456574e-01 2.183564551214211003e-01
1.971943887775551119e+01 -5.778843982302933613e-01 1.909645717983755320e-01
1.975951903807615295e+01 -5.591897711089993672e-01 1.651670980259706545e-01
1.979959919839679117e+01 -5.399721604943878983e-01 1.411823600014900648e-01
1.983967935871743293e+01 -5.202796689303155198e-01 1.191743810218244271e-01
1.987975951903807470e+01 -5.001617988507469637e-01 9.925183789328141659e-02
1.991983967935871647e+01 -4.796693499968773255e-01 8.146870137451207861e-02
1.995991983967935823e+01 -4.588543554465918661e-01 6.582682904694062143e-02
2.000000000000000000e+01 -4.377700462061835940e-01 5.228021323920022112e-02
